Column1	Column2	Column3	Column4	Column5	Column6	Column7	Column8	Column9
France	10.3	4.08	1.4	1.9	47.4	0	3.12	3.39
France	94.2	6.53	10	3.5	303	0	9.25	21.4
France	97.5	6.47	10.1	3.4	317	0	9.28	21.4
France	3.36	0.822	2.1	0.7	5.9	0	11	0.6
France	520	82.1	7.7	3	353	0	1370	9.21
France	68	6.74	11.6	3.4	232	0	5.22	19.7
France	115	4.29	8.4	2.5	327	0	25.2	14.9
France	115	4.27	8.5	2.6	328	0	25.3	14.9
France	185	69.1	135	36.7	1208	0	104	19.8
France	5.63	1.9	5.5	2.4	41.3	0	0.22	1.16
France	5.48	1.85	5.3	2.3	39.3	0	0.21	1.15
France	45.9	4.33	5.9	3.2	159	0	9.22	5.32
France	77.3	39.3	293	36.9	822	0	41.8	252
France	175	47.5	29.4	4.4	324	0	371	39.5
France	229	67.7	47.7	6.8	298	0	642	61.4
France	215	10.1	5.3	2.2	659	0	34.4	4.29
France	1.94	0.665	3.2	0.4	7	0	2.9	2.97
France	1.72	0.581	3	0.4	5.1	0	2.74	2.96
France	2.7	0.944	2.5	0.6	11.3	0	1.56	1.95
France	77.5	69.2	345	56.9	1176	0	17	255
France	117	28.5	7.2	1.8	435	0	61	7.77
France	203	77.8	125	43.7	1240	0	151	18.6
France	160	59.3	88.7	33.2	896	0	137	16.7
France	183	99.2	683	130	2383	0	25.3	398
France	185	100	692	127	2375	0	25.3	397
France	87.7	10.6	1747	115	4368	0	174	311
France	94.5	9.28	1168	57.6	3008	0	133	218
France	32.3	16.9	126	22.2	556	0	8.42	4.39
France	157	5.05	11.5	0.8	428	0	44.5	23.7
France	152	5.03	11	0.8	431	0	34.9	21.3
France	6.48	3.37	33.9	1	105	0	8.14	6.8
France	165	81.6	168	8.4	1281	0	35.6	50.7
France	11	17.4	249	5	740	0	14.7	24.7
France	10.5	15.8	239	4.9	704	0	15	23
France	13.3	8.63	29.5	3	104	0	6.23	32.5
France	47.1	9.99	11.6	11.8	176	0	30	15.5
France	106	3.98	3.6	1.5	278	0	51	4.15
France	136	30.6	775	40.5	2102	0	217	219
France	296	157	503	45.1	1813	0	215	603
France	368	88	816	24.5	249	0	1096	1200
France	59.8	22.4	3.9	0.4	282	0	7.96	5.52
France	453	73	9.2	3.1	418	0	1116	12.1
France	76.5	38.5	14.9	2.1	317	0	108	5.93
France	96	18.8	5.6	0.8	341	0	13.5	12.4
France	41.9	16.1	264	24.2	850	0	45.3	21.4
France	516	110	14.9	3.9	422	0	1425	18.4
France	210	43	5.2	2.3	412	0	350	8.09
France	202	42.1	5.3	2.2	412	0	331	8.16
France	94.9	20	7.5	5.1	261	0	121	3.68
France	98.3	20.2	9	5	261	0	120	3.63
France	107	4.48	8.1	1.2	320	0	5.86	14.2
France	66.1	11.2	1.7	0.7	176	0	63.4	0.73
France	12.4	7.99	11.7	6.2	72.55	0	8.35	14.5
France	12.3	8.06	11.7	6.3	72.12	0	8.36	14.7
France	77	2.14	4.5	1.3	213	0	20.9	9.31
France	79.5	26	6.6	0.8	361	0	13.5	7.66
France	81.7	26.2	6.5	0.8	361	0	13.2	7.57
France	77.6	26.2	7.6	0.8	359	0	13.1	7.15
France	63.4	26.4	87	20.5	470	0	68.8	31.5
France	89.6	17.3	5.2	0.8	338	0	12.5	11.7
France	4.48	1.48	2.3	0.8	17.2	0	4.03	1.76
Germany	62.3	8.15	1159	54	883	0	228	1245
Germany	133	16.7	199	17.1	455	0	170	233
Germany	71	31.4	3	0.7	341	0	13.8	4.71
Germany	57.7	25.3	3.2	0.6	307	0	9.89	1.44
Germany	144	99.3	894	40.9	3015	0	248	97.4
Germany	65.8	29.8	13.5	0.9	330	0	27.5	24.6
Germany	88.2	29.1	3.7	0.5	414	0	7.79	3.61
Germany	87.6	28.3	3.6	0.4	419	0	6.82	3.53
Germany	16.7	3.03	6.4	1.3	7	0	57.2	5.15
Germany	16.3	2.92	6.4	1.3	8.1	0	51.6	5.15
Germany	233	36.5	4.7	6.4	159	0	592	3.6
Germany	234	35.9	4.5	6.5	161	0	582	3.52
Germany	238	37.8	4.8	6.7	162	0	634	3.53
Germany	62.4	74.1	161	10.6	901	0	36.7	47
Germany	14	2.39	3.6	0.9	53	0	5.24	4.83
Germany	14.7	2.4	3.6	1	53	0	6.28	5.47
Germany	13.4	2.33	3.5	0.9	51	0	4.88	4.4475
Germany	27.8	14.4	2.6	8.4	147	0	16.6	6.53
Germany	51.2	30.3	7.1	0.9	330	0	9.84	0.56
Germany	51.1	29.1	9.5	3.1	232	0	27.9	38.6
Germany	52.3	29.5	9.3	3.1	232	0	28.4	39.2
Germany	38.8	20.4	16	1	265	0	8.05	0.9
Germany	40.4	21.5	18.2	1	267	0	7.89	0.86
Germany	10.1	4.06	296	4	376	0	2.03	262
Germany	10.2	4.13	297	4	376	0	1.87	262
Germany	45.1	10.4	41.8	26.6	275	0	57.7	0.94
Germany	43.9	10.3	41.5	26.2	270	0	57.3	0.92
Germany	43.7	10.4	43.1	26.4	273	0	57.2	0.94
Germany	509	79.2	62	8	306	0	1420	45.5
Germany	483	59.2	16.6	4.8	411	0	1120	29.1
Germany	505	59.9	16.7	5	408	0	1148	28.9
Germany	25.9	3.27	7.5	1.5	6.2	0	68.9	16
Germany	52.6	18.9	16	2.9	253	0	18.9	18.1
Germany	51.5	18.6	16.6	3	254	0	18.7	18.1
Germany	51.5	18.5	15.9	3	253	0	18.8	18.1
Germany	194	83.1	74.4	6	361	0	421	209
Germany	197	82.3	72.6	6	360	0	428	211
Germany	196	84	73.4	6.2	361	0	439	209
Germany	82.3	104	452	25.2	1770	0	93.8	120
Germany	85.1	104	447	23.2	1810	0	89	91.6
Germany	84.2	107	455	26.1	1835	0	104	83.5
Germany	81.5	108	454	26	1810	0	105	84.5
Germany	82.4	107	443	25.7	1805	0	104	78.7
Germany	48.5	47.8	106	9.3	608	0	32	34.5
Germany	46.7	47.1	106	9.3	605	0	31.1	33.5
Germany	47.9	48.6	108	9.5	621	0	31.2	33.8
Germany	135	30.9	10.2	2.4	346	0	192	19.7
Germany	134	31.8	10.1	2.4	350	0	191	20.1
Germany	136	31.3	9.9	2.4	345	0	191	19.9
Germany	139	31.5	9.9	2.3	344	0	195	19.7
Germany	160	42.1	14.2	1.5	427	0	190	50
Germany	166	42.3	14.4	1.6	441	0	197	50.3
Germany	33.7	19.4	35.7	1.9	183	0	22.3	50.1
Germany	521	51.7	23.9	3.7	174	0	1332	10.3
Germany	66.1	17	8.4	1.2	296	0	6.3275	4.66
Germany	67.7	17.3	8.3	1.3	297	0	6.35	4.67
Germany	1.81	0.6	217	4.1	400	0	26.3	104
Germany	1.57	0.589	217	4.2	401	0	26.3	105
Germany	107	11.2	22.5	1.7	459	0	0.55	11
Germany	2.32	0.736	178	4.8	372	0	20.8	65.4
Germany	2.11	0.697	180	4.7	377	0	20.7	65.6
Germany	84.4	17.5	41.4	6.1	323	0	74.7	40.2
Germany	83.6	17.6	43.2	6.1	323	0	74.1	40.9
Germany	191	125	375	20.4	2200	0	45.7	46.9
Germany	102	13	28.4	2.2	314	0	60	47.1
Germany	100	12.5	27.2	2.1	298	0	56.8	49.6
Germany	112	27.4	29.9	3	394	0	82.1	45.4
Germany	120	28.7	35.1	3.2	388	0	108	53.5
Germany	105	10.7	20	2.3	421	0	7.48	24.6
Germany	108	10.9	23	1.7	460	0	0.61	11.2
Germany	106	10.7	33.9	2.6	489	0	1.3	13.4
Germany	103	11.3	38.1	3.1	493	0	0.85	12
Germany	156	64.1	302	12.7	977	0	23.9	371
Germany	45.6	30.4	6.7	1.2	280	0	20	10.1
Germany	45.7	30.4	6	1.2	277	0	20	10.1
Germany	67.3	13	13.3	1.7	149	0	90.9	26.1
Germany	175	27.4	91.9	11	723	0	34.5	113
Germany	17.8	7.08	11.8	1.2	87	0	21.5	5.91
Germany	17.8	7.12	13.3	1.2	88.4	0	20.1	5.86
Germany	17	7.15	13.4	1.3	86	0	20.1	5.81
Germany	58.2	17.1	140	5.1	398	0	37.7	123
Germany	117	33.7	7.4	2.8	375	0	152	7.18
Germany	119	33.3	7	2.9	373	0	172	7.14
Germany	121	33.2	6.8	3	373	0	172	7.14
Germany	61.8	19.4	334	7.9	142	0	155	489
Germany	55.9	19	306	7.1	128	0	151	458
Germany	38.1	8.11	10	1.3	108	0	48.4	11.5
Germany	38.1	7.97	8.6	1.3	109	0	44.9	11.2
Germany	37.7	8.03	9.4	1.3	109	0	46.6	11.4
Germany	210	19.7	407	13.6	530	0	912	91
Germany	47.2	24.4	3.2	4.5	275	0	5.04	4.67
Germany	47.6	24.5	2.8	4.6	274	0	5.06	4.6925
Germany	15.3	3	7.2	1.6	10.4	0	52.9	5.46
Germany	15.1	2.93	7.5	1.6	7.3	0	53.7	5.56
Germany	18.5	3.74	7	1.8	6.6	0	65.1	6.15
Germany	15.2	2.96	7.3	1.5	7.5	0	53.4	5.52
Germany	15.2	2.92	7.1	1.6	6.2	0	52.6	5.44
Germany	35.2	6.75	280	15.5	317	0	49.1	310
Germany	37.2	6.19	285	14.7	326	0	50.9	315
Germany	61.7	17.2	15.9	2.9	303	0	14	4.49
Germany	442	52	15	2	942	0	503	21.9
Germany	52.9	23.8	4.9	0.8	254	0	11.9	11.9
Germany	51.7	23.5	5.4	0.8	253	0	12.9	12
Germany	52.7	23.7	4.4	0.8	255	0	11.8	12
Germany	52.8	23.7	5	0.8	255	0	12.1	11.9
Germany	62	23.7	4.6	0.8	287	0	11.9	11.7
Germany	278	26.5	15.2	1.5	285	0	504	27.5
Germany	272	26.3	17.8	1.6	299	0	492	29
Germany	279	26.8	15.5	1.6	287	0	521	28
Germany	275	26.3	16.4	1.5	290	0	509	27.7
Germany	282	26.6	16.7	1.6	294	0	512	28.4
Germany	178	23.4	84	13.6	668	0	58.8	110
Germany	189	53.1	350	13.5	1006	0	23.1	439
Germany	181	51.8	348	13.2	988	0	23.7	429
Germany	173	48	362	13.7	1015	0	23	453
Germany	60.9	5.4	4.4	0.7	198	0	12.4	4.99
Germany	57.7	5.06	4.1	0.8	182	0	14	5.56
Germany	279	48.4	84.6	5	335	0	706	79.2
Germany	67.8	9.35	8.3	2	246	0	16.9	10.2
Germany	67.7	9.36	10.2	2.1	244	0	19.5	12.6
Germany	66.8	9.44	10.6	2	243	0	19.4	12.6
Germany	67.1	9.35	10.5	2	244	0	19.4	12.6
Germany	520	78.9	302	19.8	395	0	1357	458
Germany	44.7	8.85	9.8	1.1	112	0	49.9	23.3
Germany	544	45.1	17.5	8	385	0	1181	32.2
Germany	537	44.7	15	7.9	387	0	1201	33.5
Germany	583	51	22.1	8.6	387	0	1295	33.9
Germany	79.9	5.35	12.7	1.7	212	0	53.8	19.8
Germany	62	4.27	100	4.6	329	0	41.3	57.9
Germany	60.1	4.31	100	4.6	329	0	40.9	58.1
Germany	35.2	19.4	60.6	15.4	359	0	17	1.73
Germany	35.6	19.2	59.3	15.4	359	0	16.9	1.72
Germany	35.9	19.3	58.7	15.2	355	0	16.9	1.5
Germany	36.1	19.7	57	15.4	358	0	17.1	1.68
Germany	4.91	1.81	0.9	1.3	19.4	0	3.46	1
Germany	5.41	1.97	1.2	1.5	20.5	0	3.63	1.04
Germany	5.02	1.89	0.7	1.5	17.5	0	3.58	1.02
Germany	4.5	1.67	0.7	1.4	14.5	0	3.7	1
Germany	139	22.9	9.2	1.9	288	0	165	33.3
Germany	139	22.6	8.1	1.9	300	0	168	33.1
Germany	137	22.6	7.8	1.9	305	0	169	33.7
Germany	134	20.9	8.1	1.8	296	0	159	31.4
Germany	131	21.5	7.4	1.8	298	0	149	33
Germany	131	21.3	7.9	1.8	295	0	151	33
Germany	176	57.6	68.5	8.5	362	0	387	114
Germany	175	58.1	72.7	8.4	364	0	406	114
Germany	56.1	6.02	6.1	0.9	154	0	36	13.6
Germany	54.8	6.13	6.2	1.1	154	0	35.4	13.3
Germany	49.5	5.77	5.9	0.9	136	0	36.5	13.6
Germany	50.6	5.77	5.8	0.8	134	0	38.7	13.6
Germany	51.3	5.74	5.9	0.8	135	0	38.5	13.6
Germany	50.8	5.78	6	0.8	136	0	38.5	13.7
Germany	74.2	6.85	8	1.2	195	0	43.9	26
Germany	75.5	6.89	7.8	1.3	196	0	45.1	26.5
Germany	53.9	4.61	4	0.6	180	0	11.8	4.97
Germany	57.2	4.8	4.1	0.6	184	0	13.9	5.56
Germany	57	4.77	4.1	0.6	181	0	13.8	5.5375
Germany	55.8	4.96	4.1	0.7	182	0	14	5.59
Germany	55.2	4.94	4	0.7	182	0	13.6	5.46
Germany	54.4	5.02	4.2	0.8	181	0	14.1	5.73
Germany	427	37.6	34.2	3.6	403	0	861	70.5
Germany	88	84.7	364	15.6	1235	0	85.5	200
Germany	80	79.8	320	15.4	1145	0	84.2	184
Germany	85.2	86.3	366	16.5	1267	0	84.8	203
Germany	76.5	78.6	325	16.1	1133	0	84.1	181
Germany	62	25.7	6.9	2	324	0	14.6	0.96
Germany	133	35.7	6.4	3.2	347	0	202	3.18
Germany	133	35.8	6.6	3.5	342	0	202	3.24
Germany	76.5	43.4	209	22.2	920	0	88.8	28.7
Germany	1.4	0.578	237	4.2	475	0	19.7	97
Germany	274	88.5	90.3	11.9	1235	0	201	55.1
Germany	42.1	5.08	16.2	2.7	174	0	10.5	8.26
Germany	139	43.3	8.8	2.9	353	0	263	15.3
Germany	200	48.3	12.4	3.6	332	0	431	14
Germany	195	48.1	12.4	3.6	333	0	425	14.1
Germany	408	41.1	13.6	3.7	307	0	905	11.2
Germany	588	78.6	82.8	12.9	406	0	1379	125
Germany	55.4	15.1	153	5.9	386	0	30.4	135
Germany	127	32	4.1	0.8	390	0	107	7.05
Germany	41.5	16.2	9.1	5.7	199	0	20.5	5.21
Germany	41.2	16.3	9.4	5.8	196	0	20.4	5.2
Germany	467	75	206	5.5	356	0	1242	202
Germany	496	77.9	225	5.9	403	0	1319	224
Germany	533	83.2	224	6.3	365	0	1415	212
Germany	142	184	792	32.4	3470	0	44.1	53.3
Germany	43.5	41.5	118	8.1	509	0	21.6	82.6
Germany	36.9	37.3	95.1	7.1	446	0	19.4	61.7
Germany	40.7	23.9	13.9	1.9	216	0	13	26.1
Germany	501	56.4	58.8	9	614	0	986	54.3
Germany	119	31.4	12.9	2.7	349	0	148	20.6
Germany	51.6	27.3	6.2	0.8	302	0	8.02	0.43
Germany	91.2	30.1	3.9	0.7	378	0	34	10.7
Germany	122	120	140	21.1	1360	0	14.3	35.1
Germany	132	122	141	22.3	1415	0	14.4	33.8
Germany	95	110	683	24.2	2505	0	37	36.3
Germany	403	105	141	21.2	357	0	1304	74
Germany	421	107	134	21.6	336	0	1361	79.2
Germany	439	108	136	21.6	334	0	1405	82.9
Germany	104	16.7	7.8	0.3	340	0	29.1	30.9
Germany	106	16.9	7.8	0.3	344	0	28.9	30.2
Germany	60.3	26.5	7.8	4	229	0	86	7.78
Germany	85.7	49.8	50.5	13	583	0	54.6	20.4
Germany	84	49.5	51.1	13.1	577	0	52.9	20.7
Germany	57.6	26.8	4.2	2.2	298	0	6.07	7.62
Germany	132	35.9	6.1	3.1	358	0	190	3.24
Germany	282	77.5	30.5	6	441	0	707	14.1
Germany	93.7	27.6	13.8	1.6	430	0	12.2	10.8
Germany	96.2	27.6	14.2	1.5	429	0	12.2	10.9
Germany	106	20	6.4	4.4	386	0	36.3	6.18
Germany	57.4	5.19	4.2	0.5	182	0	13.5	5.42
Germany	57.7	5.16	4.3	0.7	180	0	14	5.54
Germany	78.7	33.9	5.2	1.6	398	0	9.45	1.11
Germany	74.9	33.9	5.1	1.1	400	0	9.46	1.04
Germany	281	107	43.6	10	342	0	874	37.4
Germany	287	110	48.1	10.4	334	0	944	38.9
Germany	281	112	43.3	10	341	0	893	36.9
Germany	29.6	7.85	141	7.4	174	0	2.85	188
Germany	29.3	7.62	135	7.4	173	0	2.83	190
Germany	29.7	7.74	141	7.5	173	0	2.84	192
Germany	85.8	21.9	175	7.7	493	0	28.6	184
Germany	87.8	22.2	179	7.7	497	0	28.8	187
Germany	87.2	21.9	162	7.5	470	0	28.7	167
Germany	526	109	27.8	6.9	407	0	1364	28.1
Germany	527	110	28.2	7.1	406	0	1381	29.1
Germany	524	111	28.8	7.1	407	0	1381	29.1
Germany	538	112	29.8	7.3	406	0	1408	30
Germany	94.1	44.9	8.1	2.3	413	0	57.3	24.1
Germany	92.8	44.2	8.5	2.2	413	0	56.4	23.9
Germany	92.5	44.1	8	2.2	412	0	53.5	21.1
Germany	49.3	10.5	189	9.6	413	0	210	8.64
Germany	29.6	16.1	15.1	0.7	157	0	15.8	23.1
Germany	357	61	12.1	1.6	261	0	893	14.1
Germany	370	60.4	11.3	1.6	261	0	902	14.1
Germany	345	60.2	11.5	1.5	260	0	887	14.1
Germany	360	60.3	10.9	1.5	259	0	892	14.2
Germany	365	61.5	11.7	1.5	258	0	898	14.1
Germany	598	58.8	14	2.9	267	0	1404	12.1
Germany	588	57.7	14.4	2.8	262	0	1398	12.3
Germany	389	57.6	143	4.2	300	0	976	148
Germany	377	58.2	138	4.2	298	0	1007	141
Germany	113	9.73	506	4.8	333	0	64.5	760
Germany	1.79	0.64	249	4.5	432	0	25.8	120
Germany	10	3.16	107	1.3	108	0	43.4	100
Germany	10	3.21	104	1.4	106	0	44	99.2
Germany	505	35.6	11.6	2.1	382	0	1074	16.2
Germany	10.3	2.37	1.2	2.4	41	0	1.92	1.94
Germany	7.36	4.3	3.7	0.4	45.21	0	3.34	3.12
Germany	59.5	6.19	6.4	1.1	139	0	52	14.4
Germany	45.2	4.88	14.5	3.1	163	0	9.56	17.7
Germany	87	7.36	7.6	0.9	167	0	88.2	26.2
Germany	560	80.4	34.7	8.2	363	0	1451	35.2
Germany	590	83.9	34.8	8.6	368	0	1455	34.7
Germany	584	84.9	37.2	8.6	363	0	1462	35.8
Germany	130	58	13.9	3.6	413	0	196	26.3
Germany	70.2	28.4	7.2	2.8	232	0	92.7	7.54
Germany	462	55.2	37.4	15	913	0	605	54.3
Germany	467	56.5	34.5	13.9	932	0	631	51.1
Germany	438	52.8	28.1	12.2	859	0	613	43.3
Germany	73.7	10.2	13.7	2.5	253	0	23.7	14.8
Germany	73.1	10.4	13.4	2.5	252	0	23.7	14.9
Germany	286	68.8	37.5	4.7	366	0	626	92.1
Germany	130	53.4	12.7	2.9	528	0	101	15.2
Germany	70.1	10.6	8.1	2.3	249	0	16	9.34
Germany	89.6	35.7	484	22.6	558	0	181	557
Germany	310	68.5	285	19.3	1556	0	434	27.6
Germany	95.1	9.71	57.3	1.6	336	0	63.8	41.4
Germany	87.4	40.3	327	10.9	848	0	150	190
Germany	62.9	4.1	10.3	1.1	186	0	14.2	14.6
Germany	63	4.03	9.8	1	185	0	14.4	14.6
Germany	62.4	3.94	10	1.1	184	0	14.3	14.5
Germany	34	2.24	5.9	0.7	110	0	3.95	6.02
Germany	34	2.2	6.1	0.6	112	0	3.38	5.91
Germany	34	2.24	6.1	0.6	112	0	3.39	5.9
Germany	34.4	2.29	6.2	0.7	112	0	3.5	5.93
Germany	217	68.4	36.8	5.7	332	0	337	180
Germany	215	69.5	38.5	5.8	334	0	337	183
Germany	218	71.4	36.8	5.9	334	0	337	186
Germany	225	73	41.3	6.3	337	0	330	220
Germany	60.7	19.8	16.9	1.7	285	0	19.6	7.47
Germany	60	19.4	17	1.4	288	0	20.2	7.65
Germany	60.2	19.8	17.9	1.4	290	0	20.7	7.9
Germany	375	61.9	36.6	4.5	382	0	950	11.5
Germany	67.1	17.7	9.1	1.5	290	0	11.9	6.52
Germany	65.2	17.9	9.3	1.5	286	0	16.9	8.21
Germany	220	42.5	17.8	6	387	0	435	15.7
Germany	357	106	113	13.6	1769	0	45.6	22
Germany	346	104	113	13.5	1776	0	45.2	23.8
Germany	348	104	118	12	1761	0	45	24
Germany	358	107	105	13.6	1785	0	44.5	22
Germany	358	107	108	13.6	1773	0	46	21.3
Germany	360	107	108	13.3	1780	0	44.2	21.6
Germany	141	45.8	12.8	3.3	627	0	19.4	11
Germany	141	45.9	11.9	3.3	626	0	24.4	10.9
Germany	141	45.7	12.2	3.3	632	0	19.8	11
Germany	107	9.79	10.8	1.1	227	0	93.5	27.5
Germany	101	9.7	11	1	226	0	94.7	27.3
Germany	108	9.89	10.9	1.2	228	0	94.4	27.6
Germany	102	9.55	10.8	1.1	225	0	93.8	27.4
Germany	84.9	3.55	18.3	0.8	213	0	25.3	39.8
Germany	297	55.6	369	21.7	2020	0	68.1	54.6
Germany	378	63.5	176	4.5	754	0	750	142
Germany	433	71.7	202	5	833	0	913	158
Germany	112	31.2	3.8	1.2	415	0	73.2	7.22
Germany	104	11.3	26.5	2.1	398	0	11	29.7
Germany	115	21	62.2	3.6	454	0	36.7	77.7
Germany	215	27.5	69.7	1.9	250	0	406	118
Germany	238	30.6	54.7	1.8	268	0	458	92.4
Germany	226	29.1	59.2	1.8	262	0	431	102
Germany	246	31.4	43.3	1.6	275	0	480	71
Germany	115	29.2	14.8	0.6	438	0	26.2	46.3
Germany	34.1	4.22	31.2	1.4	51.5	0	28	72.8
Germany	105	11.4	24.3	1.6	440	0	1.06	11.1
Germany	63.9	17.3	113	3	358	0	39.9	111
Germany	269	52.7	192	13.8	1552	0	30.2	2
Germany	99.5	12.7	17.8	1.9	314	0	55.5	25.9
Germany	101	12.9	14.6	1.9	319	0	51.1	24.7
Germany	100	12.6	16.1	1.9	311	0	54.7	25.1
Germany	14.5	8.87	2.1	0.3	85	0	5.9	3.24
Germany	14	8.84	2.4	0.3	81	0	6.12	3.25
Germany	355	95.2	105	7.7	382	0	1098	82.1
Germany	87.2	17.1	10.9	1	252	0	69.6	22.4
Germany	85.4	16.7	11.4	1	247	0	68.7	22
Germany	121	10.2	16	1.6	326	0	59.9	37
Germany	121	9.68	16.1	1.6	325	0	61.2	36.3
Germany	122	10.4	15.7	1.6	320	0	63.2	42.4
Germany	123	10.5	16.8	1.8	321	0	60.8	38.7
Germany	50.1	9.13	55	1.9	129	0	49.9	91.6
Germany	37.1	6.99	51.4	1.7	133	0	44.2	55
Germany	40.3	7.72	46.1	1.6	113	0	41.7	70.5
Germany	53.7	12.7	282	3.6	144	0	66.5	428
Germany	90.2	18.4	11.8	1.1	250	0	78.4	25.4
Germany	89.7	16.3	10.7	1.2	251	0	72.6	23.7
Germany	11.4	5.39	9.5	0.9	46.5	0	22.8	5.25
Germany	94.4	18.4	11.7	1	254	0	78.7	27.1
Germany	219	37.4	196	19.5	1183	0	41.2	109
Germany	218	35.7	196	18.8	1145	0	40.7	103
Germany	218	38.5	188	18.5	1175	0	40.6	106
Germany	35.5	6.99	9.6	1.5	128	0	17.5	7.59
Germany	36.7	6.92	9.1	1.5	129	0	18.2	7.48
Germany	9.16	4.41	93.1	4.4	306	0	0.03	4.47
Germany	194	57	11.9	1.2	266	0	520	16
Germany	201	58.5	12	1.1	266	0	540	15.7
Germany	56.5	2.32	7.3	0.7	145	0	35.6	12.3
Germany	56.6	2.35	7.9	0.8	143	0	35.8	12.3
Germany	152	196	450	21	2447	0	80.5	113
Germany	141	186	670	29.3	2723	0	134	140
Germany	57.4	17	9	7.3	283	0	11	5.17
Germany	185	16.3	42.2	6.2	411	0	195	70.2
Germany	76.7	4.77	16.7	2.4	183	0	36.1	41.8
Germany	69.6	5.06	15.4	2.4	184	0	32.2	39.8
Germany	71.2	4.99	16.1	2.4	185	0	34.2	41.6
Germany	35	24	1.5	6.7	201	0	27.9	2.47
Germany	215	31.8	240	5.8	1346	0	80.7	33.5
Germany	218	31.4	234	9.6	1339	0	80.3	33.4
Germany	34.3	19.6	14.3	1.8	168	0	18.2	30.4
Germany	41.7	22.7	13.8	1.9	204	0	18.5	32
Germany	70.7	2.62	6.3	0.7	154	0	44.8	14.7
Germany	564	54.8	21.5	3.6	173	0	1434	10.8
Germany	581	44.9	16.8	3.6	188	0	1417	8.82
Germany	509	99.8	150	9.6	396	0	1454	140
Germany	511	99.4	152	9.9	400	0	1465	143
Germany	84.4	8.57	10	1.7	239	0	37.8	16.6
Germany	106	8.17	7.7	1.4	275	0	61.6	10.3
Germany	180	36	11.5	3.9	373	0	262	21.2
Germany	208	27.3	10.2	1.2	790	0	5.03	2.5
Germany	205	26.9	10.7	1.1	805	0	4.93	2.44
Germany	72.3	33	54	3.5	397	0	21.3	53.2
Germany	72.1	11.2	13.5	2.8	266	0	15.3	15.3
Germany	74.6	11.1	12.2	2.8	265	0	15.2	15.2
Germany	76	11.4	12.7	2.8	265	0	15.1	15.3
Germany	479	67.7	23.5	8.7	941	0	623	55.4
Germany	477	67.1	23.7	8.7	953	0	628	55.7
Germany	434	84.3	24.2	3.4	233	0	1109	105
Germany	435	92	25.6	3	232	0	1123	112
Germany	335	25.8	18.8	3.9	1083	0	39.5	21.3
Germany	116	22.8	2.8	2	408	0	50.6	6
Germany	376	54.8	12.3	3	365	0	820	25
Germany	274	91.3	92.6	7.3	1177	0	191	48.6
Germany	85	35	8.9	4.5	335	0	60.3	22.9
Germany	233	30.4	130	8.1	900	0	29.2	157
Germany	228	29	129	12.7	949	0	30	159
Germany	239	30.4	142	13.4	992	0	30.3	179
Germany	195	25.4	116	13.8	849	0	26.7	125
Germany	225	28.6	130	12.5	942	0	30.1	156
Germany	553	79.8	470	19.7	1869	0	51.2	746
Germany	104	8.64	11.7	3.8	260	0	71.9	33.7
Germany	116	8.72	8	1.9	266	0	70.3	33.5
Germany	112	25.1	8.5	9.6	309	0	100	36.1
Germany	48	13.2	30.3	3	148	0	60.7	35.1
Germany	31.7	10.6	203	3	193	0	164	158
Germany	31	10.5	168	3.2	186	0	145	128
Germany	30.9	10.4	189	3.1	190	0	158	152
Germany	149	68	301	6.2	552	0	288	419
Germany	152.7	66.3	293	6.2	549	0	276	413
Germany	33.4	18	40	2.1	212	0	20.2	44.1
Germany	32.7	18.8	35.5	2.2	202	0	24.7	40.9
Germany	245	71.7	104	8.6	388	0	781	29.7
Germany	215	67.4	119	8.5	393	0	691	42.6
Germany	1.74	0.558	196	1.3	476	0	7.28	14.5
Germany	322	39.3	131	8.4	488	0	696	106
Germany	465	85.9	21.1	5.6	357	0	1209	10.1
Germany	477	92.6	23.5	5.9	343	0	1291	10.9
Germany	124	21.1	56	3.8	421	0	72.8	68.5
Germany	85.5	23	98	14.9	550	0	55.3	36
Germany	94.6	31.4	161	21.5	684	0	96	66.7
Germany	77.8	19.6	63.9	10.5	420	0	45.5	36.5
Germany	79.3	19.3	63.1	10.3	420	0	45.7	36.7
Germany	6.98	9.63	12.6	4.4	59.4	0	23.2	13.2
Germany	20.6	5.53	7.7	4.7	71.6	0	19.3	10.1
Germany	71.6	50.6	111	5.7	622	0	60.4	62.8
Germany	223	71.3	121	8.5	390	0	770	28.8
Germany	233	28.6	138	13.2	952	0	29.5	166
Germany	239	29.5	142	13.3	994	0	30.1	175
Germany	243	29.5	144	13.3	995	0	30	175
Germany	200	25.6	120	12.5	850	0	28.5	138
Germany	76	22.7	7.4	2.3	341	0	16.4	7.41
Germany	83.8	20.7	7.6	2.3	366	0	17.4	7.91
Germany	85.5	21	7.6	2.3	368	0	17.3	7.99
Germany	36.9	4.59	13.3	4.5	132	0	16.3	15.6
Germany	8.61	4.1	173	7.7	341	0	0.04	101
Germany	68.7	31.1	5.1	1.7	388	0	6.98	0.83
Germany	240	31.8	49.9	5.3	462	0	363	81
Germany	264	35.8	48.5	7.2	441	0	440	89.5
Germany	253	34.8	44.1	5.4	463	0	399	76.4
Germany	49.7	22	413	10.8	826	0	181	211
Germany	43.4	19.3	340	9.7	687	0	157	173
Germany	110	40.8	45.7	19.3	350	0	237	39.7
Germany	112	41	45.3	19.5	348	0	243	40.1
Germany	109	40.1	45.8	19	340	0	236	40.3
Germany	114	41.8	45.6	19.9	349	0	243	40.6
Germany	46.5	23.5	4.1	1.6	230	0	17.3	8.27
Germany	44.1	22.9	3.8	0.8	228	0	16.7	8.42
Germany	20.5	5.14	67	6.5	193	0	65.8	2.6
Germany	30.4	7.25	64.5	6.6	226	0	66.8	2.96
Germany	77.1	4.16	17.2	1.6	141	0	87	37
Germany	88.4	22	7.4	2.6	372	0	26.7	6.23
Germany	164	32.5	10.9	2.9	372	0	238	20.3
Germany	173	36.9	11.2	3.2	377	0	288	20.9
Germany	161	32.1	11	3	371	0	236	20.5
Germany	128	40.3	239	4.7	460	0	374	180
Germany	131	41.2	241	4.8	465	0	381	177
Germany	48	3.87	18.1	2.6	184	0	8.27	9.59
Germany	47	3.73	17.1	2.6	184	0	8.26	9.61
Germany	176	11.6	16.2	3.1	227	0	306	13.8
Germany	171	11.8	16.2	3.2	229	0	292	13.8
Germany	353	12.7	19	4.9	223	0	743	15.1
Germany	362	12.5	18.1	4.9	226	0	740	15.1
Germany	366	12.3	18.5	5.1	226	0	737	15.1
Germany	241	34.2	40.8	7.4	373	0	444	66.5
Germany	341	36.8	95.9	5.8	546	0	647	97.4
Germany	272	37.9	46.2	8.4	380	0	480	85.4
Germany	69.9	10.9	12	1.7	144	0	97.7	21.4
Germany	71	10.6	12.1	1.7	144	0	99.7	21.1
Germany	69.6	10.6	11.8	1.6	146	0	98	21.2
Germany	70.5	10.7	11.7	1.6	154	0	94	20.1
Germany	72.8	10.9	12.2	1.6	149	0	98.6	20.7
Germany	71.1	10.7	13	1.6	147	0	96.3	20.8
Germany	72	11.2	12	1.7	145	0	96.9	21
Germany	79.9	35	5.2	1	410	0	11.6	1.91
Germany	609	71.1	26.1	5.9	1129	0	913	36.7
Germany	611	70.2	24.4	5.9	1143	0	897	37.2
Germany	497	71.6	35	6.9	339	0	1316	43.3
Germany	498	74.3	33.6	6.1	482	0	1200	41.3
Germany	530	75.1	36.4	7.1	343	0	1348	46.6
Germany	334	46.5	239	19.1	1325	0	47.1	317
Germany	48.2	5.95	12.3	2	169	0	11.7	13.8
Germany	74.4	12.8	200	8	273	0	41.3	288
Germany	77.3	13	205	8.3	273	0	41.3	288
Germany	61.4	3.84	9.7	1.1	134	0	34	31.2
Germany	61.8	3.9	9	1.1	133	0	34.1	31.2
Germany	102	45.2	22.3	1.6	564	0	11.5	20.2
Germany	559	58.9	10	3.9	405	0	1278	18.5
Germany	71.4	13.4	28.6	2.6	162	0	89.1	49.6
Germany	79.1	14.3	28.9	2.5	152	0	102	64.7
Germany	67.2	13.6	29.4	2.8	158	0	89.1	52
Germany	82.2	4.73	505	7.8	536	0	107	537
Germany	103	5.24	403	6.5	476	0	88.4	469
Germany	79.2	4.67	512	7.7	538	0	108	543
Germany	437	72.9	17.1	5	383	0	1104	10.5
Germany	552	92.3	41.3	7.6	343	0	1482	33.5
Germany	545	90.2	44.7	7.9	343	0	1482	33.7
Germany	129	13.2	42.2	3	352	0	0.63	125
Germany	120	12.6	39.7	2.6	353	0	0.61	120
Germany	120	12.7	38.2	2.4	349	0	0.51	114
Germany	262	69.5	25.3	5.3	427	0	615	12.3
Germany	268	71.1	26.9	5.3	422	0	637	12.5
Germany	81.1	35.1	5.3	1	416	0	11.4	1.97
Germany	79.8	35.1	5	1	410	0	11.5	1.92
Germany	2.18	1.02	76	2.6	174	0	35.5	0.92
Germany	128	18.4	21.9	2.5	420	0	44.7	37.9
Germany	123	17.3	21.2	2.6	422	0	42.3	34.9
Germany	128	17.7	22.1	2.6	421	0	42	34.8
Germany	132	18.8	21.6	2.8	418	0	45.5	38.5
Germany	68	8.64	1260	62.6	929	0	275	1474
Germany	46	15.5	288	9.9	254	0	94.4	367
Germany	44.9	15.6	290	9.7	251	0	95.4	372
Germany	140	29.5	12	1.9	369	0	145	31.8
Germany	171	39.6	45	1.9	393	0	271	61
Germany	185	75.2	35.7	6.5	329	0	364	170
Germany	192	77.4	38	6.6	331	0	375	171
Germany	192	76.5	36.5	6.6	328	0	373	172
Germany	193	77	37.5	6.7	328	0	374	173
Germany	199	77.7	37.3	6.8	329	0	375	176
Germany	114	14.2	22.5	2.2	347	0	74.4	33.5
Germany	120	14.3	23	2.2	351	0	76.2	34
Germany	114	14	22.1	2.3	345	0	76.7	34.2
Germany	73.7	3.27	16.4	0.9	214	0	22.6	28.6
Germany	72.7	3.33	18.5	1	199	0	33.3	34.4
Germany	73.5	3.25	16.2	1	212	0	23	28.7
Germany	140	45.7	161	2.7	423	0	380	122
Germany	92.1	6.6	21	1.7	124	0	114	62.1
Germany	284	59.1	23.7	5.4	295	0	755	9.22
Germany	294	55.8	22.2	5	298	0	762	9.38
Germany	300	53.3	21.3	5	299	0	757	9.36
Germany	41	20.9	13.1	0.8	262	0	10.2	0.55
Germany	202	48	355	6.6	327	0	647	382
Germany	202	47.4	333	6.5	324	0	617	342
Germany	501	49.2	267	6.2	337	0	1460	215
Germany	45.9	20.5	97	11.5	422	0	1.33	52.4
Germany	66.9	31.2	5.1	1.5	378	0	9.81	1.36
Germany	249	35.5	45.3	7.2	378	0	463	79.2
Germany	319	35.3	90.1	5.2	529	0	605	88.6
Germany	273	36.9	51	6.6	415	0	487	80.1
Germany	151	94.5	443	32.5	1954	0	91.1	38.2
Germany	159	98.8	437	31.7	2024	0	88.9	37.4
Germany	17.6	41.1	40.4	11	383	0	9.94	2.11
Germany	123	34.1	161	9.1	693	0	16	154
Germany	34.7	26.8	17.4	1.1	285	0	8.62	0.82
Germany	77.6	3.61	18.4	0.9	200	0	46.4	25.7
Germany	76.9	3.54	18.4	0.9	196	0	45.3	24.6
Germany	169	242	262	30.2	2444	0	17.1	11
Germany	173	241	258	32.7	2451	0	16.9	10.4
Germany	15.2	4.46	55.1	1.8	150	0	40.2	10.7
Germany	32.5	6.33	10.9	1.5	52.8	0	73.5	6.32
Germany	38.3	8.49	11.9	1.8	56.9	0	90.5	8.35
Germany	86.7	30.8	604	14.6	998	0	25.4	578
Germany	142	21.3	15.1	4	467	0	64.6	28
Germany	144	22.3	14.7	4.1	465	0	64.6	27.9
Germany	63.7	19.6	338	8.1	143	0	154	471
Germany	30.2	7.28	10.5	1.5	47.7	0	70.8	9.18
Germany	29.8	7.17	9.1	1.4	46.4	0	70.8	9.23
Germany	30.2	7.3	9.7	1.5	46.2	0	70.8	9.24
Germany	90.8	34.1	39.4	4.2	417	0	9.84	88
Germany	144	34.1	7.2	1.6	475	0	109	16.2
Germany	82.5	16.8	112	9.3	517	0	99.9	14.8
Germany	76.9	16.4	122	8.9	516	0	99.5	14.7
Germany	74.2	16.3	124	8.8	512	0	99.7	14.5
Germany	81.2	17.1	120	9.5	513	0	101	14.8
Germany	76.3	16.4	121	8.9	512	0	99.9	14.5
Germany	76.8	16.5	122	9	518	0	102	14.7
Germany	96.9	21.6	19.3	1	401	0	7.37	28.7
Germany	47.7	11.8	142	3.8	316	0	13.5	147
Germany	136	14.1	24.9	2.9	350	0	88.4	55.5
Germany	138	14.5	21.7	2.9	347	0	96.6	49.2
Germany	42.3	25.6	8	7	256	0	14.8	5.21
Germany	52.3	6.24	2	7.1	185	0	15.1	2.71
Germany	51.9	6.18	1.9	6.4	180	0	18.5	2.98
Germany	98.8	12	154	10.6	357	0	57.3	217
Germany	78.5	8.52	177	11.6	326	0	57.3	224
Germany	73	3.27	15.8	0.9	210	0	22.7	28.6
Germany	77.2	3.42	17.6	1	197	0	37	33.6
Germany	130	29.5	32.7	4.6	444	0	93.5	59.3
Germany	132	30.2	34.7	4.6	454	0	94.4	59
Germany	124	30.1	34.6	4.5	439	0	95.1	53.4
Germany	131	29.4	34.4	4.4	458	0	92.7	57
Germany	56.2	6.52	6.9	1.2	130	0	52	17.9
Germany	19.5	7.29	234	12.1	360	0	24.4	208
Germany	85	28.5	8.6	1.6	379	0	36.2	6.55
Germany	243	60.7	108	8.6	406	0	530	183
Germany	339	70.7	150	12.3	402	0	812	255
Germany	78.4	4.18	490	5.9	529	0	107	479
Germany	103	5.34	390	6.3	481	0	89.7	430
Germany	108	15.9	7.5	1.9	293	0	86.3	14.6
Germany	111	15.9	7.9	1.9	290	0	88.6	15.2
Germany	109	16.1	7.3	2	299	0	82	13.7
Germany	110	15.9	7.3	1.9	291	0	86	14.6
Germany	109	15.9	7.1	1.9	291	0	87	14.8
Germany	108	15.8	7.1	2	295	0	82.6	13.8
Germany	101	53.7	195	11.7	993	0	67.2	44.1
Germany	57.4	3.76	21.4	1.3	194	0	10.1	27.3
Germany	56.8	3.75	20.7	1.3	193	0	10	27.5
Germany	57.5	3.74	21.2	1.2	192	0	10.1	27
Germany	1.65	0.631	270	4.8	453	0	26.5	137
Germany	302	63.2	248	19.2	657	0	596	334
Germany	35.2	27.2	17	1.2	286	0	8.6	0.79
Germany	7.87	1.44	1.6	2.1	25	0	4.1	2.64
Germany	77.7	23.5	8.3	3.5	176	0	141	13.8
Germany	78.7	22.9	7.9	3.4	177	0	142	13.9
Germany	76.2	23.2	8	3.5	176	0	141	13.7
Germany	542	73.7	62	5.4	392	0	1259	157
Germany	2.15	0.671	230	4.7	401	0	26.6	107
Germany	1.62	0.592	238	4.6	403	0	26.5	107
Germany	1.68	0.601	232	4.5	401	0	26.2	104
Germany	72.5	8.4	25	3.4	231	0	37.1	38.1
Germany	111	20	52	3.5	416	0	67.4	60.5
Germany	119	21	50.1	3.6	428	0	69.9	62.9
Germany	114	20.4	52	3.6	421	0	70.8	62
Germany	113	20.6	51.7	3.7	413	0	71.4	63.2
Germany	110	146	186	28.6	1445	0	51.7675	61.6
Germany	110	147	188	28.4	1452	0	51.8	61.3
Germany	112	139	194	28.5	1500	0	51.4	58.3
Germany	41.2	21.7	4.7	14.4	209	0	35.6	12.7
Germany	40.5	21.3	4.7	14.1	203	0	32.8	13.3
Germany	41.9	21.4	5.3	15	190	0	40.6	17.1
Germany	199	26.7	123	12.7	856	0	29.1	142
Germany	194	26.2	122	12.5	842	0	28.9	138
Germany	215	27.9	129	13	909	0	29.5	155
Germany	210	27.4	125	12.4	892	0	29.5	144
Germany	199	26.7	122	13	847	0	28.9	142
Germany	516	70.5	16.9	5.2	373	0	1311	11.9
Germany	116	54.3	190	6.9	268	0	231	337
Germany	42.4	38.5	4.7	6.2	283	0	46.1	2.26
Germany	40.8	38	4.9	5.8	283	0	44.5	2.225
Germany	139	26.2	21.5	6.5	556	0	14	21
Germany	141	25.8	19.7	6.1	559	0	13.9	21
Germany	134	15.5	34.6	4.6	376	0	106	32.3
Germany	1.64	0.644	274	4.8	455	0	26.9	140
Germany	139	60.2	37.3	2.6	719	0	13.5	54.2
Germany	190	87.3	65	3	1040	0	21.2	105
Germany	27.1	10.5	5.9	3	99.3	0	22.4	13.6
Germany	36.6	5.43	9	0.9	123	0	8.46	17.1
Germany	41.5	6.59	11.5	1	84.9	0	27.2	32.9
Germany	37.5	5.38	9	0.9	123	0	9.16	17.1
Germany	98.3	25.3	43.9	6.5	358	0	96.5	48.7
Germany	105	5.5	18.9	0.9	218	0	72	42.4
Germany	104	5.57	18.7	0.9	219	0	72.5	43.1
Germany	101	5.5	19.2	0.9	216	0	71.7	42.6
Germany	102	5.65	18.9	1	216	0	72.1	42.9
Germany	246	30.8	95	6.8	575	0	318	102
Germany	222	27.3	129	7.6	528	0	326	115
Germany	49.6	7.9	28.2	2.9	229	0	9.45	10.5
Germany	48.8	7.7	26.4	2.9	225	0	9.31	10.4
Germany	99.6	20.8	18.4	3.4	382	0	36.6	9.63
Germany	99.3	21.8	18.8	3.7	384	0	36.6	9.69
Germany	3.56	0.895	1.4	2.4	16.3	0	1.16	2.15
Germany	31.8	3.69	15.3	1.7	25.4	0	52.7	34.8
Germany	124	32.7	76.2	8.8	498	0	70.9	83.6
Germany	117	6.14	18.8	1.3	258	0	75.8	37.5
Germany	65.6	3.63	19	1	144	0	33.4	42.4
Germany	63	11.7	7.9	2.6	250	0	7.63	6.96
Germany	63.4	11.8	7.4	2.6	246	0	8.4025	6.77
Germany	164	41.5	37.2	12.5	416	0	232	50.8
Germany	74.2	20.8	142	9.3	482	0	61.1	79.6
Germany	516	72	37	7	337	0	1330	44.2
Germany	112	25.2	10.4	13.8	312	0	109	37.3
Germany	75.6	17.3	17.7	3.4	158	0	101	54.6
Germany	84.8	7.96	10.5	1.7	206	0	56.7	34.5
Germany	87.5	8.11	11	1.7	207	0	57.3	34.7
Germany	169	18.3	16.3	2.4	357	0	167	53.1
Germany	166	18.4	15.6	2.4	357	0	167	53.1
Germany	208	39.4	7.6	4.1	322	0	410	3.38
Germany	455	70.4	21.7	4.4	382	0	1115	22.7
Germany	169	29.5	20.1	1.7	660	0	29.7	9.35
Germany	154	28.2	19.3	1.2	629	0	27.8	9.39
Germany	149	11.1	71.9	4.4	458	0	170	9.76
Germany	37.8	20	48.4	2.4	237	0	20.4	45.6
Germany	12	7.35	243	4.1	333	0	89.9	155
Germany	108	36.2	274	12.2	798	0	16.6	267
Germany	109	37.2	276	12.9	806	0	15.9	272
Germany	108	36.7	281	12.8	803	0	16.1	270
Germany	95.7	19.5	136	7.3	511	0	117	73
Germany	93.8	19.2	140	7.3	513	0	116	75.4
Germany	251	30.6	75	5.9	573	0	305	99.6
Germany	32.1	4.17	6.5	1.4	133	0	1.01	3.53
Germany	73.4	18.6	7	1.2	322	0	14.9	4.23
Germany	204	39.6	7.3	3.9	322	0	402	3.39
Germany	217	40.6	7.9	4.1	322	0	420	3.46
Germany	37	14.7	14.2	1.4	133	0	45.3	17.7
Germany	40	16.2	19.6	1.7	132	0	47.7	34.3
Germany	41	16.8	20.6	1.7	133	0	49.3	38.9
Germany	50.8	54.5	126	8.6	613	0	53.9	70.2
Germany	176	49.7	143	8.6	221	0	31.9	545
Germany	188	50.7	148	8.7	219	0	32.3	557
Germany	30.6	7.38	13.1	2	41.4	0	82.4	5.47
Germany	53.7	24.2	152	4.4	212	0	83.1	212
Germany	57.7	3.24	8.9	0.8	144	0	23.3	19.5
Germany	55.5	3.26	7.9	0.9	141	0	23.7	20
Germany	56.7	28.8	11.5	3.3	268	0	34	23.9
Germany	55.7	29.1	10.8	3.3	268	0	34.1	23.9
Germany	20.6	4.07	6.8	1.9	6.4	0	67.5	6.5
Germany	20.3	4.02	6.5	1.9	5.6	0	66.8	6.4
Germany	20	4.07	6.8	2	3.8	0	68.2	6.3
Germany	589	75.8	121	14	402	0	1465	180
Germany	110	7.08	15.1	2.1	359	0	0.09	19.4
Germany	42.4	8.31	9.4	1.6	110	0	48	11.2
Germany	74.4	20.1	155	13.2	173	0	113	268
Germany	68.7	19	150	12.1	158	0	109	257
Germany	71.6	19.2	143	12.1	161	0	108	255
Germany	72.9	19.7	150	12.5	169	0	108	264
Germany	75.4	20.1	160	13.2	167	0	106	287
Germany	72.1	20.2	161	13.4	159	0	112	275
Germany	74.5	20	145	12.4	162	0	108	256
Germany	73.5	20.6	154	12.7	168	0	109	258
Germany	76.6	20.4	149	13.1	164	0	110	258
Germany	106	8.66	10.6	1.3	199	0	103	29.7
Germany	96.5	28.3	7.2	1.6	402	0	8.22	13.1
Germany	103	31.5	9.6	2.2	436	0	14.9	16.8
Germany	102	28.1	12.1	1.9	440	0	19.6	15.6
Germany	97.6	29.7	10.3	2	440	0	15.2	15.7
Germany	38.5	9.22	178	3.1	479	0	34.5	71.1
Germany	73.1	19.8	154	13.2	160	0	112	267
Germany	71.7	19.8	163	13.3	149	0	112	269
Germany	87.5	3.91	18.2	1.2	184	0	54	40.4
Germany	80	3.42	16.1	1.2	212	0	22.9	28.9
Germany	80.5	3.42	15.2	1.2	215	0	22.7	28.9
Germany	82.5	3.4	17.1	1.2	172	0	54.1	37.2
Germany	14.5	4.32	2.5	4	61.1	0	5.26	2.93
Germany	214	57.2	13.8	2.1	318	0	497	10.5
Germany	101	54.5	551	14.5	1843	0	38.2	125
Germany	96.1	57.1	557	13.5	1857	0	38	130
Germany	94.5	57.1	561	13.5	1846	0	37.8	129
Germany	92.5	55.6	558	13.8	1839	0	39	129
Germany	94.6	57.4	569	13.9	1853	0	38	129
Germany	549	98.5	906	92.5	799	0	2210	709
Germany	388	78.8	35.7	6.2	423	0	1023	17.1
Germany	49.3	22.9	27.5	1.9	240	0	17.7	53.8
Germany	610	50.7	19.9	2.3	244	0	1350	124
Germany	592	48.5	20.7	2.3	244	0	1353	123
Germany	609	48.5	20.4	2.5	245	0	1344	116
Germany	34	4.3	6.3	2.1	130	0	1.33	3.64
Germany	86	8.54	11.8	3.6	178	0	66.9	37.5
Germany	86	8.69	12	3.6	175	0	68.9	37.7
Germany	220	34.6	13.1	14.3	374	0	324	53.6
Germany	219	33.9	13.3	14.7	369	0	347	53.4
Germany	80.7	5.36	10.9	2.2	210	0	35.1	22.4
Germany	77.4	5.55	12.2	2.1	211	0	39.1	25.2
Germany	77.6	5.03	10.9	1.8	203	0	33.2	22.4
Germany	137	14.3	19	3.1	346	0	94.9	39.3
Germany	147	14.8	23.4	3.2	348	0	98.3	52.3
Germany	35.8	17.5	19.1	2.8	214	0	8.41	13.4
Germany	19.2	26.4	139	18.4	219	0	9.72	198
Germany	97.2	23.1	7.8	3.1	363	0	33.1	7.23
Germany	29.2	18.3	21.6	1.7	150	0	28.2	27.6
Germany	73.1	26.4	7.5	3.9	259	0	35.4	34
Germany	98.3	24.5	65.1	6.5	518	0	25.8	15.4
Germany	82.5	43.9	22.1	2.7	268	0	175	34.4
Germany	71.2	14.8	16	1.8	182	0	77.5	27.1
Germany	547	74.6	35.1	7.5	339	0	1328	44.9
Germany	554	74.6	35.2	7.6	342	0	1363	46.8
Germany	520	73.5	33.6	7.3	336	0	1332	43.2
Germany	532	71.5	34.8	7.5	338	0	1340	44.3
Germany	56.1	4.94	330	8.7	493	0	116	235
Germany	53.8	4.69	333	8.7	495	0	116	230
Germany	52.6	4.63	328	8.5	499	0	117	221
Germany	54.6	4.68	326	8.5	495	0	116	224
Germany	356	33.7	8.5	3.9	318	0	790	10.8
Germany	366	33.7	8.9	3.9	319	0	771	10.8
Germany	30.6	17.5	8.3	2.1	162	0	11.1	11.5
Germany	29.4	17.5	8.6	2.2	163	0	11.4	12.3
Germany	45	20.3	8.2	1.4	243	0	12.8	0.5
Germany	18.9	3.14	5	3	22.52	0	27.9	13
Germany	18.9	3.08	4.8	3	22.58	0	27	12.9
Germany	19.2	3.16	5	3.1	21.54	0	29	13.2
Germany	19.7	3.3	5.3	3.2	21.05	0	30.9	13.6
Germany	90.8	40.8	19.7	3.3	238	0	162	36.5
Germany	87.1	39.9	20.8	3.1	241	0	160	36.6
Germany	85.3	39.4	19.4	3.1	241	0	160	36.4
Germany	53.9	13.7	7.4	1.2	141	0	58.6	13.7
Germany	52.8	13.6	7	1.2	140	0	58.2	13.5
Germany	228	53.2	22.9	3.1	843	0	55.8	51.7
Germany	294	94.3	85.8	12.5	1253	0	205	52.3
Germany	33.5	4.25	5.8	2.2	130	0	1.04	3.48
Germany	32.2	3.86	5.8	2.1	123	0	1.18	3.68
Germany	30.6	4.09	5.8	1.4	127	0	0.99	3.46
Germany	152	128	94.9	15	1340	0	30.5	32.4
Germany	39.2	19	3.3	2.7	201	0	17.1	5.73
Germany	72.6	8.45	157	10.2	319	0	58.7	190
Germany	68.5	7.22	19	2.3	264	0	3.85	18.9
Germany	68	7.22	19.5	2.4	265	0	3.86	18.9
Germany	20.2	13	1100	13.8	1442	0	1155	99
Germany	21.7	13.7	1105	14.6	1456	0	1160	99.8
Germany	113	39.5	234	11.8	711	0	28.2	281
Germany	75.2	3.4	18.3	1	205	0	30.9	33.7
Germany	74.6	3.37	15.9	0.8	215	0	22.6	28.6
Germany	73.2	3.25	15.6	0.8	212	0	23	28.7
Germany	74.3	3.35	15.8	0.9	211	0	23.1	29.6
Germany	440	69	8.8	3.6	377	0	1076	14
Germany	114	73.8	313	12.6	1507	0	66.7	21.5
Germany	129	82.9	313	12.8	1521	0	64.3	38.6
Germany	53.4	4.99	4.4	0.5	181	0	13.9	5.59
Germany	77.7	43.4	850	17.4	1597	0	375	439
Germany	70.7	44.5	861	18.1	1561	0	374	465
Germany	46.2	3.83	16.9	1.9	173	0	9.89	12.6
Germany	47.1	3.91	15	1.5	160	0	13.6	14.2
Germany	47.9	3.83	15	1.8	167	0	9.55	12.6
Germany	47	3.79	16	1.8	170	0	9.41	12.4
Germany	127	30.9	51.2	2	371	0	184	38.8
Germany	56	5.08	4.4	0.4	182	0	12.6	5.26
Germany	55.8	5.07	4.3	0.4	181	0	13.9	5.57
Germany	55.2	5.09	4.3	0.5	180	0	13.5	5.47
Germany	65.5	34.5	11.4	3.5	361	0	12.8	15.2
Germany	28.3	2.62	9.4	1	83.7	0	17.2	13.6
Germany	29.6	2.69	10.4	1.4	87.4	0	17.6	14.2
Germany	146	21.8	8.6	0.1	553	0	14.9	7.42
Germany	22.2	9.46	5.5	4.6	120	0	16	0.83
Germany	22.3	9.47	5.7	4.6	119	0	15.9	0.81
Germany	17.4	10.6	7.5	5.5	99	0	16.9	5.05
Germany	75.7	57.1	51.4	16.8	587	0	48.4	34.7
Germany	99.7	39.1	17	3.1	378	0	104	26
Germany	106	34.6	20.3	3.1	377	0	98	27.5
Germany	101	32.3	18.8	3	365	0	90.7	28.2
Germany	103	33.2	20.9	3.2	368	0	92.7	28.3
Germany	38.1	10.6	12.6	1.2	136	0	43.5	9.92
Germany	40	10.8	13.1	1.2	134	0	45.4	9.63
Germany	85.1	40.1	12.6	3.4	307	0	109	18.2
Germany	79	19.9	15.8	3.2	231	0	71.6	18.9
Germany	249	48.7	24.8	8	376	0	576	15.9
Germany	246	49	25.9	8.2	378	0	579	16.1
Germany	30.1	21	7.6	0.5	151	0	43.7	8.78
Germany	154	41.3	4.6	1.6	366	0	231	13.4
Germany	64.9	4.52	15.1	1.2	142	0	57.8	31.3
Germany	64.3	4.48	15.2	1.1	141	0	58.4	31.5
Germany	64.6	4.45	15.3	1.1	141	0	58.1	31.7
Germany	63	4.41	14.9	1.3	141	0	54.6	30
Germany	162	45.5	16.7	2	287	0	336	40.1
Germany	169	47.6	16.1	2	282	0	344	41.1
Germany	80.2	4.49	477	5.7	528	0	96.9	513
Germany	93.7	5.13	437	6	499	0	94.8	461
Germany	127	12.8	25.2	2.1	318	0	114	44.8
Germany	136	14.1	22.5	2.4	324	0	111	44.7
Germany	183	34.6	18	2.2	445	0	163	71.1
Germany	178	34.1	17.4	2.1	444	0	163	71.2
Germany	461	64.1	75.4	4.2	376	0	1151	71.5
Germany	105	44.3	81.6	11.9	721	0	35.5	17.3
Germany	495	155	190	19.5	1797	0	640	84.4
Germany	341	117	90.9	12.2	1362	0	238	89.9
Germany	363	126	87.4	13.1	1424	0	259	95.5
Germany	53.1	26.7	83.2	4.6	312	0	103	29.4
Germany	55.9	27.5	78.4	4.6	308	0	103	29.2
Germany	94.9	5.97	10.7	1.3	279	0	30.4	23.1
Germany	88.4	5.65	9.6	1.2	231	0	47.2	21.8
Germany	162	45.1	34.8	1.6	336	0	270	90.4
Germany	163	44.4	34.9	1.7	336	0	264	92
Germany	116	45.9	12	3.7	406	0	163	15.6
Germany	121	45.9	12.3	3	467	0	83	51.3
Germany	389	68.2	50.6	4.8	378	0	1057	15.5
Germany	382	68.8	49	5.2	378	0	1034	13.7
Germany	46	6.65	4.7	2	114	0	42.3	8.23
Germany	159	70.4	322	6.4	555	0	293	437
Germany	188	78.3	430	7.8	614	0	335	585
Germany	588	55.6	13.4	2.9	261	0	1409	12.7
Germany	473	155	27.9	4.1	2198	0	10.2	3.38
Germany	308	92.4	129	10.5	1695	0	36.6	45.9
Germany	309	90.6	113	10	1635	0	34.6	43.2
Germany	616	48.2	20.3	2.4	247	0	1291	124
Germany	162	25.3	21.8	3.4	132	0	325	65.4
Germany	87.4	31.2	235	9	504	0	173	202
Germany	90.8	9.52	430	6.5	132	0	145	702
Germany	107	23.3	19.2	2.9	419	0	6.96	34.9
Germany	109	22.9	18.3	2.9	409	0	7.47	33.9
Germany	209	82.3	38.9	7.2	331	0	402	173
Germany	194	78.3	39.4	6.6	330	0	379	174
Germany	25.1	16.2	22.3	1.4	137	0	25.8	27.6
Germany	32.9	11.8	184	15.1	301	0	36.3	176
Germany	160	29	157	6.9	517	0	258	118
Germany	1.86	0.682	266	4.7	422	0	29.1	147
Germany	2.08	0.705	281	4.9	424	0	29.7	154
Germany	150	24.8	22.7	3.2	133	0	302	65.5
Germany	417	54.9	40.6	13.4	846	0	559	79.2
Germany	27.7	18.1	8.3	1.6	166	0	8.77	7.93
Germany	63	4.27	15.5	1.2	195	0	12.4	20.3
Germany	62.1	17.3	0.5	0.3	257	0	3.44	0.54
Germany	90.2	19.2	8.8	0.2	349	0	2.51	12.6
Germany	182	73.3	22.2	2.3	880	0	23.8	35.2
Germany	62.3	34.8	14.5	3.9	348	0	13	19.4
Germany	110	21.4	7.3	4.5	388	0	40.3	7.13
Germany	191	29.2	137	8.2	471	0	426	64
Germany	13.4	5.42	5.5	2.7	61.4	0	1.88	10.3
Germany	80.1	29.2	221	8.1	474	0	163	185
Germany	82.3	29.4	247	8.2	495	0	169	197
Germany	84.8	29.8	250	8.4	511	0	172	200
Germany	44.6	15.4	308	1.5	798	0	36.1	94.6
Germany	127	8.39	14.8	1.8	327	0	56.7	28.8
Germany	82.9	19.7	5.6	0.7	265	0	9.96	12.6
Germany	229	8.43	5	1.9	700	0	19.2	6.87
Germany	59.4	28.1	4.5	2.4	301	0	6.09	7.6
Germany	387	50	5.5	2	363	0	840	13.8
Germany	89.2	21.3	5.6	0.5	302	0	31.2	18.8
Germany	120	30.8	4.2	0.8	391	0	108	7.08
Germany	119	30.6	4.2	0.8	389	0	107	7.08
Germany	121	30.7	4.1	0.8	389	0	108	7.11
Germany	99.8	5.41	397	5.9	476	0	88.7	471
Germany	93.2	4.94	408	5.7	491	0	93.2	452
Germany	58.5	18.3	14.9	1.7	303	0	2.82	4.44
Germany	59.1	18	14	2.1	300	0	7.05	4.32
Germany	60.4	18.9	14.1	1.7	306	0	3.21	4.44
Germany	155	39	36.2	11.8	412	0	232	50.8
Germany	12.4	4.9	5.4	2.3	61	0	1.69	9.39
Germany	12.6	4.94	5.5	2.5	60.2	0	1.67	9.39
Germany	6.8	0.884	2	1.5	17.3	0	5.66	3.21
Germany	101	20.2	6.8	4.5	382	0	40.3	6.52
Germany	231	41.4	320	27.1	1308	0	49.5	293
Germany	53.9	25.6	10.8	1.4	231	0	53	11.2
Germany	15.1	5.72	5	4.8	58.6	0	13.5	10.8
Germany	527	125	610	41.4	2907	0	40.7	555
Germany	580	100	30.6	7.4	364	0	1507	31.5
Germany	575	103	30.5	7.6	365	0	1520	31.9
Germany	63.1	14.3	115	8.5	444	0	51.3	43.8
Germany	115	59.1	926	15.3	1420	0	526	607
Germany	116	59.8	899	15.9	1430	0	524	609
Germany	92.2	67	5.3	3.9	418	0	146	17.7
Germany	92	67.2	4.9	3.9	414	0	147	17.7
Germany	331	64.3	91.8	12.4	920	0	456	70.1
Germany	43	8.66	263	13.6	342	0	48.8	282
Germany	97.2	16.1	136	5	478	0	114	75.1
Germany	65	3.58	22.2	0.7	158	0	32.2	46.7
Germany	65.9	3.57	22.1	0.8	158	0	32.1	46.6
Germany	44.8	27.7	608	13.9	879	0	617	139
Hellas	96.3	1.31	2.3	0.3	280	0	6.86	5.67
Hellas	73.3	5.14	2	0.4	227	0	10.3	3.85
Hellas	100	2.46	4.9	0.5	301	0	5.47	9.37
Hellas	94.4	2.7	5	0.5	287	0	5.13	8.91
Hellas	59	21.2	6.2	0.6	267.32	0	10.7	7.01
Hellas	59.2	23	7.4	0.5	278.05	0	11.1	7.27
Hellas	51.4	13	38.7	1.4	157.79	0	21.5	81.4
Hellas	65.8	6.16	9.2	1.1	218.07	0	15.6	8.79
Hellas	67.1	6.18	8.6	1.1	219.48	0	16	8.98
Hellas	17.9	62	77.2	7.3	444.26	0	30	67.6
Hellas	58	14.2	5.7	0.2	239.06	0	8.38	7.01
Hellas	2.87	22.5	0.7	0.05	116.79	0	1.65	1.08
Hellas	71.2	35	5.2	1	356.89	0	27.8	4.61
Hellas	63.9	8.7	13.9	0.4	215.45	0	9.06	27.1
Hellas	27.6	11.6	7.1	0.3	123.13	0	6.63	13.1
Hellas	26.1	11.5	6.8	0.3	117.27	0	6.51	12.9
Hellas	29.3	14	6.7	0.2	146.81	0	4.31	12.8
Hellas	58.9	10.9	14	0.5	203.74	0	10.4	29.4
Hellas	57.9	10.9	14.8	0.5	203.86	0	10.4	29.4
Hellas	54.9	25.7	21.2	1.4	235.46	0	47.5	37
Hellas	27.2	13.2	6.7	0.2	137.72	0	4.17	13.2
Hellas	28.2	13.4	6.3	0.2	137.35	0	4.16	13.2
Hellas	28.6	13.4	6.7	0.2	138.69	0	4.22	13.3
Hellas	68.5	5.79	14.5	0.7	188.85	0	26	28.4
Hellas	65.6	6.01	13.9	0.5	182.5	0	26.8	26.3
Hellas	101	25.5	21	0.8	314.48	0	89.7	36
Hellas	103	26.4	22	0.9	334.37	0	89.8	38.2
Hellas	86	0.99	2.3	0.5	246.75	0	2.24	7.98
Hellas	86	0.98	2.2	0.4	247.12	0	2.21	8.03
Hellas	95.8	1.35	2.6	0.3	276	0	7.51	5.64
Hellas	85.7	0.99	2.4	0.5	247	0	2.2	7.9
Hellas	84.6	0.97	2.1	0.4	246	0	2.21	7.73
Hellas	88	1.02	2.4	0.5	250	0	2.17	8.87
Hellas	10.2	73.4	14.3	0.7	378	0	6.55	33.7
Hellas	3.88	91.1	13.3	0.5	457	0	5.37	27.8
Hellas	3.86	91.2	12.7	0.6	457	0	5.36	27.8
Hellas	9.44	73.2	16.6	0.8	370	0	5.37	39.2
Hellas	9.97	73.3	15.7	0.8	381	0	6.45	33.1
Hellas	10.5	71	15.7	0.9	375	0	6.62	34
Hellas	44.1	52.3	19.7	1.3	389	0	13.1	25
Hellas	45.4	52.6	18.6	1.3	387	0	12.7	24.7
Hellas	89.6	22.7	28.7	1.2	318	0	46.2	41
Hellas	87.4	22.5	27.7	1.2	317	0	46.2	40.9
Hellas	89.5	23.1	30.1	1.2	320	0	48.3	42.4
Hellas	76.2	11.3	8.1	0.7	277	0	6.43	11.5
Hellas	27.2	6.67	1	0.3	112	0	2.64	1.09
Hellas	38.7	1.47	1.7	0.2	118	0	2.66	1.44
Hellas	38.4	1.47	1.6	0.2	119	0	2.66	1.44
Hellas	71.3	8.63	1.7	0.3	221	0	22.9	1.84
Hellas	55.4	0.764	0.9	0.3	163	0	4.83	1.03
Hellas	87.2	8.6	12.5	1.5	242	0	42.8	17.4
Hellas	70.8	5.92	7.7	1	221	0	23.1	8.2
Hellas	67.8	7.4	1.7	0.5	225	0	19.6	1.32
Hellas	101	4.12	5.4	3.7	326	0	11.3	4.51
Hellas	54.9	7.15	3.1	0.6	201	0	3.63	1.25
Hellas	44.9	0.864	1.6	0.6	133	0	2.31	1.21
Hellas	87.6	16.4	13.5	2.2	253	0	70.7	12.8
Hungary	43.3	8.89	32	7.4	257	0	9.11	2.87
Hungary	43.2	14.1	32.6	7.9	290	0	7.37	1.96
Hungary	140	39.2	65.5	8.3	552	0	122	75.9
Hungary	144	39.6	65.6	8.5	547	0	122	75.9
Hungary	143	35.2	29.5	9.5	507	0	156	9.53
Hungary	252	56.5	36	12.3	1150.96	0	35.8	12.5
Hungary	61.8	22.4	18.9	0.7	362	0	0.08	1.07
Hungary	62.4	24.5	19.1	1.2	370	0	0.06	1.1
Hungary	62.4	23	19.5	0.7	360	0	0.06	1.05
Hungary	200	54.7	169	10.4	1025	0	226	54.7
Hungary	350	60.9	22.7	3.6	1477	0	16.8	4.23
Hungary	351	62.1	22.5	3.7	1385.02	0	16.1	4.13
Hungary	69.2	18.1	33.6	1.3	392	0	0.03	2.2
Hungary	67.1	18.2	33.7	1.5	381	0	0.03	2.18
Hungary	69.1	18	33.9	1.3	387	0	0.08	2.26
Hungary	85.8	39.2	6.3	4.9	453	0	14.2	3.71
Hungary	69.4	39.4	6.6	5.2	403	0	14.9	3.72
Hungary	81	39	16.3	2.4	320	0	107	20.4
Hungary	87	40.7	17.4	2.6	346	0	107	20.3
Hungary	165	58.2	57.7	9	767	0	102	52.3
Hungary	33.2	11.5	151	2.7	549	0	1.22	6.07
Hungary	33.5	11.9	159	2.9	550	0	1.03	6.1
Hungary	382	2503	3568	17.8	1023	0	16373	575
Hungary	405	3149	4416	23.6	1128	0	20342	744
Hungary	157	43.3	219	10.2	1114	0	163	5.65
Hungary	72.7	22.9	36.9	1.6	450	0	0.52	4.11
Hungary	31.9	5.2	8.9	0.9	92.5	0	38.3	3.32
Hungary	7.46	19.1	6187	62.3	13450	0	46.3	2115
Hungary	54.3	17.1	13	0.7	296	0	0.6	1.1
Hungary	55.4	17.3	12.2	0.7	297	0	0.56	0.98
Hungary	54.8	17	12.3	1.1	296	0	0.53	0.86
Hungary	76.5	45.8	3.9	1.1	464	0	16.3	2.47
Hungary	163	44.8	418	15.3	1658	0	156	39.4
Hungary	53.1	19	31	0.9	353	0	0.02	1.24
Hungary	63.6	23.2	15.5	1.2	349	0	5.85	2.1
Hungary	57.1	22.6	14.3	1.1	332	0	3.03	1.22
Hungary	57.4	22.9	13.7	1.2	331	0	3.08	1.22
Hungary	188	440	4625	2.3	1274	0	7897	2363
Hungary	67.3	26.1	37.9	1.3	442	0	3.29	6.08
Hungary	38	23.9	41.8	0.8	349	0	4.97	3.12
Hungary	38.4	24	40.7	0.8	351	0	4.25	3.15
Hungary	70.6	28.9	23.3	1.2	432	0	0.74	3.16
Hungary	64	19.1	9.1	1.3	304	0	7.4	8.69
Hungary	96.1	40.5	11	2.3	443	0	66	8.76
Hungary	73.8	41.2	21.4	1.3	483	0	16.5	4.06
Hungary	213	49.2	81.7	5.3	1128	0	2.79	4.57
Hungary	38.2	22.6	40.4	1	341	0	4.8425	2.8
Hungary	41.3	21.3	37	0.9	340	0	1.98	2
Hungary	35.2	5.69	9.2	0.9	100	0	41.8	2.87
Hungary	210	47.1	74	5.5	1120	0	2.8	4.55
Iceland	4.64	0.902	9.1	0.4	27	0	1.83	8.99
Iceland	5.1	0.724	704	0.3	1930	0	2.2	10.3
Iceland	4.57	0.795	12.2	0.3	32	0	2.23	10.3
Iceland	4.57	0.906	11	0.5	28.5	0	2.55	10.6
Ireland	113	20.6	11.7	1.4	395	0	30.2	26.2
Ireland	95.4	21.4	14.1	1.5	371	0	28.9	21.1
Ireland	105	22	14.8	2.2	383	0	29.5	21.6
Ireland	38.1	22.4	31.3	18.8	302	0	11.9	13.8
Ireland	108	19.3	17.1	2.9	402	0	16.8	25.2
Ireland	105	19.1	17.5	2.7	397	0	15.7	24.9
Ireland	72.1	9.2	23.2	2.1	238	0	10.3	43
Ireland	58.2	6.9	94.2	14.8	233	0	154	38
Italy	120	10.3	6	0.5	420	0	7.445	5.39
Italy	115	11.3	6	0.6	408	0	8.25	5.68
Italy	84.6	14.3	10.1	1.5	321	0	13.4	14.4
Italy	88.3	6.51	17.8	2.2	272	0	8.65	32
Italy	18.1	4.12	1.2	0.3	77.5	0	2.7	0.2
Italy	20.3	3.92	1	0.2	81.4	0	2.33	0.15
Italy	20.6	4.11	1	0.05	80.2	0	2.43	0.15
Italy	19.5	4.27	1.1	0.05	78.9	0	2.78	0.2
Italy	20.5	4.13	0.9	0.05	80.9	0	2.44	0.15
Italy	130	40.8	5.3	1.5	298	0	245	5.33
Italy	21.2	1.75	1.8	1.7	56	0	17.2	0.26
Italy	175	50.5	33.2	2.2	233	0	427	57.2
Italy	176	50.8	33.8	2.2	233	0	432	59.2
Italy	174	51.8	35.8	2.3	235	0	445	59.8
Italy	36.1	5.6	3.5	0.7	136	0	1.38	2.05
Italy	75.2	25.9	15.8	1.8	366	0	21.2	7.96
Italy	8.9	0.737	1.1	0.9	19.3	0	7.93	0.28
Italy	48.2	16.8	3.5	1.7	153	0	56.1	5.88
Italy	28.1	4.79	14.9	1.9	73	0	36.5	16.7
Italy	1.32	0.389	1.1	0.4	4.5	0	1.58	0.44
Italy	1.37	0.389	1.1	0.5	4.5	0	1.7	0.37
Italy	3.52	0.323	2.9	1	15	0	2.24	0.35
Italy	1.52	0.497	1	0.4	4	0	2.2	0.46
Italy	8.66	0.545	0.7	0.5	25.6	0	2.45	0.67
Italy	14.2	0.817	1.3	0.4	33.6	0	11.7	0.34
Italy	70.1	6.07	11.3	1	214	0	10.7	18.2
Italy	34	6.69	6.6	0.9	109	0	23.4	8.3
Italy	33.3	6.46	6.9	0.9	107	0	20.5	8.58
Italy	171	27.3	64.8	7.1	607	0	102	77.1
Italy	2.75	1.63	1.3	0.3	13.9	0	3.15	0.48
Italy	2.48	1.65	1.5	0.4	14.1	0	3.35	0.43
Italy	2.63	1.68	1.5	0.4	14.1	0	2.99	0.46
Italy	58.8	20.5	14.6	1.9	237	0	55.4	9.87
Italy	58.1	3.84	4.1	0.5	180	0	8.4	8.53
Italy	306	16.3	19.8	3.5	1017	0	56.6	18.5
Italy	307	16.5	19.5	3.5	1019.04	0	57.4	18.7
Italy	61.1	19.4	7	0.9	259	0	15.6	13.7
Italy	53.4	29.3	5.8	1	305	0	3.96	2.47
Italy	29.6	16.2	1.3	0.5	157	0	9.9	1.58
Italy	37.6	12.8	1.8	0.6	148	0	19.5	2.56
Italy	58.6	4.99	1.7	0.3	198	0	1.68	2.94
Italy	57.9	5.03	1.4	0.3	198	0	1.7	2.99
Italy	41.8	4.41	12.2	0.2	134	0	25.7	8.37
Italy	48.3	29.5	74	2.8	347	0	112	10.8
Italy	55.7	23.9	3.1	0.6	190	0	82.1	1.63
Italy	11.9	3.63	2.3	0.8	45.6	0	7.81	1.33
Italy	93.2	28.7	8.7	0.8	356	0	70.1	7.27
Italy	89.2	33.5	10.2	0.8	351	0	90.9	6.69
Italy	103	3.6	10.9	1.8	292	0	22.1	20.2
Italy	89	3.88	17.2	1.6	269	0	27.8	21.8
Italy	85	3.74	16.2	1.4	261	0	27.7	20.8
Italy	14	0.786	1.4	0.3	36	0	10.8	0.27
Italy	2.45	0.554	1.8	0.4	4.3	0	3.41	1.09
Italy	26.3	10	4.5	0.7	101	0	30	4.8
Italy	27.9	10.1	4.5	0.7	101	0	33.5	4.97
Italy	103	6.59	8.6	0.6	335	0	12.2	16.9
Italy	102	6.75	9.4	1	314	0	12.9	17.1
Italy	11.8	0.84	3.3	0.2	38.9	0	2.23	5.04
Italy	30.5	18.8	31.7	1.4	210	0	33.7	19.7
Italy	44	25.4	51.4	1.8	310	0	39	33.8
Italy	38	10.1	8.5	0.9	153	0	25.3	6.07
Italy	65.6	35.6	117	2.4	427	0	74.7	106
Italy	450	6.1	7.6	2	1327	0	34.8	21.9
Italy	55.4	1.81	5.6	0.5	169	0	8.84	10.8
Italy	32.4	14.2	0.7	0.3	146	0	20	0.6
Italy	86.7	16.9	4.2	1.4	331	0	23.8	6.58
Italy	87.1	17	4.2	1.4	332	0	23.8	6.57
Italy	84	26.1	14	2.2	372	0	36	10.1
Italy	71.5	24.9	15	1.5	363	0	19.4	7.7225
Italy	219	75.7	167	12.1	920	0	38.5	323
Italy	193	26.6	18.3	3.9	716	0	15.1	25.6
Italy	370	24.4	51.7	47.2	1391	0	3.775	17.9
Italy	313	13.2	8.4	2.3	1003	0	5.33	8.64
Italy	57.7	13.8	3.2	1.1	244	0	3.46	6.27
Italy	142	53.3	120	49.6	937	0	109	37.6
Italy	69.7	1.38	3.2	0.8	217	0	1.92	5.61
Italy	131	6.45	17.8	1.6	391	0	44.3	26.9
Italy	71.2	24.6	14.7	1.7	355	0	19.5	7.79
Italy	83.9	28.9	3	1.4	315	0	87	2.91
Italy	82.6	27.1	2.7	1.1	300	0	90.2	2.52
Italy	48.9	28.3	5.9	0.9	303	0	4.04	2.47
Italy	48	28.2	5.9	0.9	301	0	4.02	2.51
Italy	84.1	4.53	5.5	0.5	282	0	5.69	9.95
Italy	5.18	3.42	13	0.8	29.8	0	11.2	10.3
Italy	76.4	17.8	50	65.5	432	0	40.4	47.3
Italy	78.7	28	30.9	52.3	461	0	39.1	18.2
Italy	54.7	8.68	2	0.4	184	0	23	0.95
Italy	83.8	10.7	49.3	2.4	384	0	12.4	26.5
Italy	90.8	24.2	39.7	65.2	493	0	29.2	30.2
Italy	35.7	11	50.2	30.1	283	0	16.7	18.5
Italy	7.42	6.09	21.5	1.2	36.6	0	5.93	36.3
Italy	7.46	6.11	19.8	1.2	34.7	0	6.15	37
Italy	30.5	11.9	109	2.2	109	0	19.6	166
Italy	27.7	12.3	60.1	2.4	119	0	13.2	95.3
Italy	30.6	11.7	109	2.2	109	0	19.3	163
Italy	26	11.9	54.3	2.5	116	0	12.3	84
Italy	48.2	16	47.4	2.9	220	0	32.4	62
Italy	25.9	16	40.7	2.1	125	0	30.1	66.5
Italy	19.6	16.1	39.1	1.8	103	0	26.3	66.5
Italy	25.4	16.3	39.3	2.1	124	0	30.1	66.6
Italy	18.9	16.4	38.1	1.8	94.3	0	29.3	68.6
Italy	26.5	16.1	39.2	2.1	125	0	30.1	66.7
Italy	9.83	4.33	82	1.3	125	0	16.3	73.1
Italy	12.5	8.32	26.5	1.3	51.9	0	12.9	42.4
Italy	4.2	2.53	24.5	0.4	40	0	6.14	26.2
Italy	1.79	2.18	28.5	0.2	35.5	0	4.6	28.7
Italy	3.44	2.03	19.5	0.3	32.2	0	5.05	20.5
Italy	44.8	18.6	22.3	2.1	214	0	25.2	26.7
Italy	3.87	3.18	11	0.5	27.7	0	9.08	8.65
Italy	39.3	11.8	16.8	1.6	157	0	23.6	22.7
Italy	15.7	5.5	6.7	1.3	65.2	0	9.93	7.43
Italy	10.1	8.19	35	8	83	0	35.3	29.4
Italy	2.56	1.14	5.6	0.4	4.7	0	4.91	9.15
Italy	7.58	4.84	7.8	1	39.7	0	7.54	10.7
Italy	11.3	5.63	9.9	1.3	53.8	0	9.69	13.1
Italy	6.21	1.52	8.5	0.6	24.9	0	5.21	11.4
Italy	28.6	8.5	11.3	1.2	94.2	0	31.4	16
Italy	51.8	14.3	14.7	1.8	181	0	36.2	22.4
Italy	38.9	11.6	40.6	29.6	279	0	14.6	25
Italy	213	34.4	222	46.6	1256	0	136	34.2
Italy	218	45.1	428	85.2	1665	0	321	87
Italy	135	13.2	4.4	1.1	469	0	4.33	5.99
Italy	267	20.9	49.8	38.6	1115	0	5.48	17.9
Italy	98	4.62	18	2.1	308	0	26.2	22
Italy	102	4.56	16.9	1.9	313	0	21.2	21.9
Italy	57.4	0.766	1.4	0.3	172	0	1.86	3.55
Italy	57.5	0.78	1.6	0.5	171	0	1.85	3.57
Italy	63	5.07	3	0.6	199	0	12.1	5.1
Italy	64	5.09	2.9	0.6	200	0	12.2	5.35
Italy	71.8	5.11	4.7	0.9	235	0	6.07	7.11
Italy	77.3	4.99	4	1.1	254	0	4.18	4.79
Italy	138	5.05	9.2	1.4	383	0	36.5	15.5
Italy	39.1	4.36	9.7	0.2	134	0	26.6	3.8
Italy	134	20.9	27	1.4	429	0	68.9	31.2
Italy	33.6	5.15	2.1	0.6	115	0	10.5	3.24
Italy	112	39.4	15.2	1.1	261	0	230	26.1
Italy	40.9	4.93	1.8	0.8	138	0	5.64	3.16
Italy	47.3	18.1	0.5	0.2	228	0	6.9775	0.74
Italy	12.7	3.38	1.2	0.8	48.5	0	5.16	1.79
Italy	101	4.41	15.7	1.8	314	0	20.5	21.6
Italy	5.53	0.947	1.8	0.6	14.3	0	3.89	2.11
Italy	14.9	0.92	1.3	0.3	37.7	0	11.4	0.32
Italy	9.56	2.86	1.1	0.5	33.3	0	6.72	0.25
Italy	8.26	2.78	4.6	0.2	29.5	0	3.22	9.97
Italy	15.6	5.15	12.2	17.3	84.9	0	6.39	10.8
Italy	29.6	2.49	1.3	1.9	60.4	0	38.5	0.51
Italy	4.67	2.73	51	1.2	15	0	4.17	86.7
Italy	113	23.1	37.1	1.5	317	0	147	39.1
Italy	19.1	2.98	2.6	2.5	50.7	0	18	3.06
Italy	510	55.8	0.5	2.4	179	0	1356	0.21
Italy	437	53.6	0.7	2.6	161	0	1200	0.2675
Italy	37.1	4.81	3.5	0.3	125	0	13	5.9
Italy	10.2	4.96	2.8	0.5	47.9	0	5.16	2.52
Italy	4.4	0.885	4	0.7	17.3	0	5.7	0.37
Italy	4.34	0.85	3.4	0.7	16.1	0	4.92	0.39
Italy	24.2	2.13	3.5	1.6	78.5	0	14.3	0.42
Italy	32	5.46	3.9	0.7	134	0	1.76	1.31
Italy	69.4	13.8	7.4	0.7	276	0	21	5.48
Italy	53	6.61	4.5	2.8	104	0	86.6	2.2
Italy	2.83	0.493	1.4	0.6	6.6	0	4.31	0.29
Italy	19.2	5.25	2	1.7	54.7	0	28.6	0.54
Italy	95.1	25.2	7.3	0.8	329	0	107	3.55
Italy	1.26	0.258	1.3	0.5	3.5	0	2.37	0.38
Italy	32.6	5.56	3.9	0.7	134	0	1.79	1.36
Italy	27.8	5.32	2.8	0.9	90.4	0	17.9	4.55
Italy	65.8	6.84	3	0.3	229	0	12.9	4.79
Italy	41.5	12.6	1.3	0.6	181	0	8.83	2.15
Italy	50.9	4.61	2.5	0.2	173	0	9.03	3.88
Italy	38.3	5.35	5.6	1	131	0	17.8	7.21
Italy	22.1	8.06	1.3	0.6	85.5	0	21.2	0.81
Italy	2.8	0.48	1.6	0.7	5.9	0	4.3	0.35
Italy	190	43.7	1.5	0.4	236	0	430	0.44
Italy	121	13.6	10.5	2	271	0	129	11.8
Italy	309	68.3	2.5	0.7	234	0	844	0.58
Italy	160	62.7	148	40.8	1000	0	170	41.1
Italy	71.6	3.67	3.2	0.8	197	0	22	6.14
Italy	61.9	14.8	3.5	1.3	240	0	3.52	6.4
Italy	26.5	14.6	0.6	0.2	143	0	4.27	0.77
Italy	26.7	14.7	0.4	0.2	147	0	3.17	0.29
Italy	77.6	9.41	2.7	1	225	0	52	4.3
Italy	70.6	1.09	3.2	0.8	221	0	2.21	6.28
Italy	27.9	5.25	3	1.2	90.8	0	18.1	4.61
Italy	77.6	28.7	3.6	0.9	269	0	64.2	4.91
Italy	27.1	7.76	34.3	23.2	205	0	7.57	13.3
Italy	81.1	31.2	1.3	1.2	232	0	145	1
Italy	65.9	5.86	1.6	2.4	95.2	0	119	0.41
Latvia	44.6	22.6	83.8	4.7	63.6	0	111	170
Latvia	46.2	23.4	87.1	4.9	72	0	113	176
Latvia	169	83	336	16.3	205	0	435	675
Lithuania	63.8	12.6	3.1	1.4	241	0	20.7	6.43
Lithuania	69.3	13.5	2.7	1.5	242	0	21.6	6.9625
Lithuania	168	64.5	148	7.6	342	0	448	197
Lithuania	72.8	15.9	309	5.3	338	0	14.2	474
Lithuania	82.9	17.5	323	5.5	347	0	15.3	479
Lithuania	34.9	6.65	3.6	0.5	149	0	4.74	0.98
Lithuania	52.4	13.2	64.4	2.4	362	0	13.9	23
Lithuania	213	55.9	439	6.3	194	0	39.4	1081
Lithuania	222	61.3	449	6.3	195	0	41.5	1141
Lithuania	192	70.2	54.9	17.2	96	0	780	41.5
Lithuania	188	68.3	54.1	17.1	98.9	0	768	34.8
Lithuania	570	234	1790	27.9	314	0	970	3405
Lithuania	462	192	1500	23.7	351	0	825	2752
Lithuania	57.5	14.8	8.5	4.2	264	0	13.4	3.05
Lithuania	61.3	15.1	5.5	0.9	239	0	15.4	10.1
Lithuania	62.3	15.8	4.9	0.8	241	0	15.5	10.2
Lithuania	13.2	20.4	9.8	31.2	87.9	0	21.2	56.9
Luxembourg	328	108	60.8	25.3	1166.95	0	306	72.6
Luxembourg	83.1	32.9	35.3	7.5	346	0	137	14.7
Luxembourg	168	61.3	27	15.4	482	0	311	28.2
Luxembourg	102	5.67	3.6	0.8	286	0	34.6	8.41
Moldova	150	50.4	52.2	7.9	585	0	168	15.7
Moldova	207	96.2	413	16.5	686	0	1020	83.9
Moldova	90.2	41.8	510	19.1	383	0	343	558
Moldova	64.8	93.7	348	7.9	572	0	362	276
Montenegro	18.4	3.93	1.8	0.4	70.7	0	5.51	0.97
Montenegro	36.8	1.9	1.2	0.3	114	0	3.52	0.89
Montenegro	38.8	2.32	0.9	0.3	123	0	2.45	0.9
Montenegro	202	44.3	244	7.9	1069	0	276	46
Montenegro	32.9	0.925	2.6	0.3	108	0	2.47	0.58
Netherlands	46	3.33	9.6	0.7	173	0	0.01	10.6
Netherlands	122	17.7	5.4	3.1	366	0	75.9	13.8
Netherlands	122	17.1	5.5	3	360	0	64.5	12.4
Netherlands	130	19.3	6	3.5	383	0	78	14.1
Netherlands	128	19	6	3.2	380	0	79.6	14.3
Netherlands	129	19.5	5.9	3.4	382	0	78.3	14.1
Netherlands	129	19.2	5.8	3.3	382	0	78	14.1
Netherlands	52.6	5	9.6	1.3	180	0	7.73	12.8
Netherlands	52.6	4.9	9.6	0.9	179	0	7.71	12.9
Netherlands	72.8	8.54	3.8	1.7	242	0	19.9	4.17
Norway	29.4	30.7	481	16.5	300	0	9.56	699
Norway	10.8	0.47	1.4	0.6	35.5	0	2.99	0.39
Norway	5.03	0.307	1.9	0.5	5.7	0	6.92	1.49
Norway	2.4	0.393	1.4	0.5	8	0	2.34	1.13
Norway	6.43	1.13	115	0.5	310	0	6.16	14.1
Norway	6.29	1.16	7.5	0.6	14.3	0	6.25	14.1
Norway	53.5	7.65	22.1	5.6	208	0	30.4	12
Norway	17.1	0.698	277	0.2	730	0	2.18	19.1
Norway	2.35	0.329	1.7	0.3	8	0	2.48	1.26
Norway	0.93	0.339	1.5	0.3	4	0	0.93	1.96
Poland	55.2	16.3	38.3	2.7	355	0	0.05	2.55
Poland	77.2	25	16.8	2.6	410	0	0.02	3.49
Poland	71.5	30.6	50.7	4.4	499	0	11.66	10.3
Poland	79.8	31.3	50.8	5.1	514	0	10.8	10.9
Poland	228	260	369	13.5	3097	0	2.29	1.75
Poland	147	15.5	36.5	24.9	613	0	31.5	5.81
Poland	95.9	16	6.1	1.6	294	0	36	19
Poland	357	72.2	148	10.9	1786	0	16.5	2.82
Poland	69.9	31.9	9.2	3.6	337	0	38.8	7.18
Poland	408	56.1	56.3	7.7	1692	0	8.65	6.16
Poland	234	24.8	62.1	38.6	1028	0	29.2	2.93
Poland	130	28.8	28.7	9.6	372	0	146	36.8
Poland	164	173	218	5.3	1904	0	11.1	0.96
Poland	166	50.5	904	13.3	479	0	44.7	1500
Poland	107	61.4	719	19.4	2175	0	265	84.2
Poland	82	27.8	381	10.2	1071	0	28.5	172
Poland	94.6	14.6	6.4	4.6	336	0	20.3	3.87
Poland	121	20.1	17.3	1.9	419	0	44.8	17.4
Poland	58.6	28.7	2.3	1.2	282	0	27.1	3.38
Poland	112	55.6	446	12.4	1594	0	134	33.2
Poland	129	23.8	11.5	4.5	545	0	0.5	1.6
Poland	37.6	14.3	94.8	10.7	340	0	9.78	63.4
Poland	114	20.8	10.5	3.6	456	0	5.96	7.1
Poland	92.9	19.2	30	6	424	0	2.83	18.2
Poland	47.1	18.1	15.9	1.5	227	0	35.1	2.45
Poland	38.1	13.6	62	9.6	318	0	1.22	29.5
Poland	37.6	5.59	10.1	2.1	136	0	19.4	4.35
Poland	103	13.7	13.1	3.3	414	0	0.07	1.82
Poland	38.1	14.2	87	2.1	363	0	37.6	15.1
Poland	135	64.5	151	4.9	1119	0	23.6	5.15
Poland	169	85.7	146	12.9	1332	0	30.7	10.6
Poland	288	28.5	82.2	32.6	1272	0	35.9	9.39
Poland	304	56.1	20	3.8	1263	0	38.3	3.09
Poland	161	128	68	7.6	1346	0	27.6	0.41
Poland	396	75.2	47.6	4.7	1696	0	24.8	5.63
Poland	89.5	16.4	7	2.6	358	0	0.89	3.75
Poland	62.4	19.2	143	10	401	0	10.8	141
Poland	48.6	4.67	3.2	1.5	167	0	6.71	1.36
Poland	79.8	11.6	6.3	1.9	289	0	14.6	2.68
Poland	116	24.5	40.3	4.8	442	0	8.72	74
Poland	106	21.6	6	4.9	378	0	44.2	8.08
Poland	168	138	118	12.1	1523	0	28.5	11.7
Poland	134	18.8	17.1	2.9	307	0	128	47.5
Poland	210	32.6	15.4	3.4	822	0	22.6	1.37
Poland	214	31.1	12.3	3	818	0	26.8	1.26
Poland	333	52.5	111	49.3	1670	0	28.4	3.02
Poland	36.5	6.2	14.2	3	86.6	0	32.4	28.5
Portugal	145	30	77.9	3	810	0	7.01	10.9
Portugal	1.6	0.527	4.9	0.5	11.5	0	0.79	4.7025
Portugal	5.32	0.661	52	1.3	148	0	6.59	3.14
Portugal	4.76	0.61	50.2	1.2	141	0	7.17	3.2
Portugal	38.1	9.49	387	22.8	1147	0	19	19.3
Portugal	80	14.5	572	42.5	1897.99	0	6.97	29.8
Portugal	105	24.6	579	28.6	2059	0	5.33	25.6
Portugal	106	24.3	578	28.3	2061	0	5.76	25.6
Portugal	6.7	1.79	14.5	0.9	50.5	0	4.41	7.45
Portugal	115	33.1	704	55	2182	0	0.13	125
Portugal	2.82	2.01	11.6	0.9	32	0	8.5	5.29
Portugal	1.95	0.411	4.3	0.3	12.2	0	0.48	2.37
Portugal	0.706	1.64	6.3	0.7	9.6	0	1.36	9.38
Portugal	15.3	11.6	10.5	6.6	109	0	2.91	16.8
Portugal	0.652	1.08	5.4	0.3	3.5	0	1.21	9.55
Portugal	1.86	0.619	5.1	0.3	14.7	0	0.91	2.65
Portugal	0.434	0.753	3.8	0.3	1	0	2.14	7.39
Portugal	0.812	0.515	5.3	1.9	4.6	0	2.88	7.38
Portugal	27.3	4.45	27.3	5.3	136	0	4.33	29.7
Portugal	22.3	21.7	88	4.9	33.1	0	135	134
Portugal	120	31.2	174	4.9	455	0	104	237
Portugal	114	30.9	176	5	449	0	101	238
Portugal	99.9	29.5	35.6	0.5	378	0	20	80.4
Portugal	1.2	0.072	109	1.8	160	0	53.3	38.2
Romania	8.38	2.4	2.7	1.5	34.2	0	6.41	0.43
Romania	8.59	2.38	2.9	1.2	33.6	0	6.53	0.43
Romania	48.7	12.3	128	7.3	315	0	22.4	107
Romania	49.4	12.1	125	7.4	311	0	23.6	103
Romania	250	92.4	252	9.7	1415	0	0.19	282
Romania	251	91.7	256	9.7	1422	0	0.06	288
Romania	390	115	85.8	14.3	1887	0	14	24.4
Romania	362	111	77.2	15	1885	0	14	23.3
Romania	63.4	31.4	2.7	1.2	331	0	10.7	1.05
Romania	15.1	3.31	1.4	1.1	64.1	0	2.36	0.38
Romania	15.1	3.31	1.4	1.2	63.5	0	2.37	0.37
Romania	111	14.1	113	6.5	547	0	22.8	69.5
Romania	265	44.1	225	17.7	1584	0	10.6	58.9
Romania	182	44.9	239	23.6	1340	0	9.64	64.4
Romania	322	10.3	18.1	3.1	982	0	34.1	6.13
Romania	317	13.3	28.3	3.5	1082	0	29.4	9
Romania	62	1.58	1.1	0.8	197	0	7.87	0.18
Romania	242	88.8	209	35	1650	0	19.3	76.6
Romania	123	57.8	69.9	10.8	871	0	0.1	14
Romania	101	42.4	61.4	8.8	683	0	0.79	12.8
Russia	99.4	42.2	1116	20	288	0	1402	887
Russia	36.1	33.8	137	7.5	330	0	191	47.9
Russia	110	30.8	6.7	1.2	318	0	22.1	92.6
Russia	335	55.3	764	65.9	1374	0	1292	343
Russia	83.2	36.3	979	18	274	0	1395	630
Russia	5.36	4.05	268	11.1	602	0	84.5	13
Russia	138	72.5	1378	21.7	162	0	39.3	2569
Russia	369	90.6	130	8.6	1352	0	385	116
Russia	31.5	12	10.9	1.5	173	0	8.03	3.2
Russia	65	39.7	2970	28.1	5655.97	0	3.87	1414
Serbia	28.3	12.8	409	7.4	1183	0	0.32	18.9
Serbia	78.5	28.3	33.9	2.1	440	0	18	5.23
Serbia	47.8	15.2	3.1	1	200	0	15.8	1.88
Serbia	90.6	22.6	92.4	17.2	521	0	80.5	28.4
Serbia	22.2	19.9	412	3.6	768	0	0.35	287
Serbia	77	45.6	6.9	3.5	427	0	29.5	5.53
Serbia	241	19.7	55	5.1	956	0	9.61	15.4
Serbia	78.3	14.8	41.5	3.1	392	0	13	7.5
Serbia	76.3	55.4	241	35.1	1177	0	29.1	15.5
Serbia	26.3	324	120	8.4	2047	0	0.02	12.8
Serbia	58.7	20.7	3.4	0.8	275	0	7.26	1.97
Serbia	85.4	20.6	1216	52	3290	0	173	54.1
Serbia	83	38.7	1.8	0.6	401	0	22.2	1.35
Slovakia	103	127	2054	39.9	6047	0	335	63
Slovakia	61.2	65.9	8160	177	16110	0	19	3627
Slovakia	164	42.4	395	42.6	1339	0	359	20.4
Slovakia	158	42.4	383	42.2	1315	0	358	20.4
Slovakia	369	76.6	91.9	20	1392	0	201	71.7
Slovakia	353	60.3	20	5.8	1472	0	1.84	3.54
Slovakia	41	44.8	658	16.4	1997	0	111	27.8
Slovakia	426	124	96.7	16.9	1738.98	0	349	34.1
Slovakia	283	67.6	62.3	14.6	1286	0	88.5	8.96
Slovakia	564	153	8.8	6.9	1000	0	1277	2.15
Slovakia	153	179	210	5.1	1935	0	11.5	9.44
Slovakia	13.8	4	15.1	2.7	37.2	0	13.8	18.1
Slovakia	250	78.5	22.5	1.4	1163	0	23	22.2
Slovakia	438	156	240	36.5	2363	0	146	109
Slovakia	166	49.4	255	54.8	895	0	221	189
Slovakia	495	137	8.3	6.3	872	0	1140	2.01
Slovakia	234	247	809	24	3999	0	12.9	41.6
Slovakia	261	82.5	114	15.3	749	0	588	38.2
Slovenia	62.3	35.4	2.3	0.2	350	0	7.65	1.82
Slovenia	79.6	30	5.3	0.7	377	0	1.63	9.255
Slovenia	111	44.8	519	74.4	1919	0	62.1	39.9
Slovenia	198	93.8	412	69.3	2197	0	71.8	2.55
Slovenia	203	93.3	409	66.6	2134	0	72.7	2.49
Slovenia	86.9	112	129	1.6	940	0	195	6.21
Slovenia	402	1000	1670	14.9	7350	0	2252	60.1
Slovenia	60.2	11.7	10.2	1.2	272	0	2.93	1.88
Slovenia	63.4	20.1	3.4	0.9	253	0	13.4	9.61
Slovenia	82.5	34.5	1.6	0.6	387	0	17.9	1.39
Slovenia	57.9	31.2	1.3	0.4	296	0	16.4	0.99
Slovenia	73.2	37.9	2	1.1	379	0	13.1	3.3
Slovenia	82.7	72.7	54.9	0.9	644	0	98.4	3.67
Slovenia	57.2	20.2	3.4	0.7	258	0	7.76	3.69
Spain	14.2	6.3	4.3	0.4	51.8	0	7.44	6.73
Spain	1.86	1.85	12	1.1	5.9	0	4.95	16.4
Spain	42.3	11	13.7	0.8	127	0	4.72	42
Spain	50.1	24.7	1.9	0.2	244	0	15.6	2.79
Spain	79.4	3.3	2.7	1.3	244	0	3.02	4.75
Spain	76.9	3.53	3.4	1.2	252	0	3.01	5.27
Spain	27.5	8.12	7.9	0.6	124	0	8.29	5.4525
Spain	46.6	6.11	2.9	0.5	148	0	14.2	5.29
Spain	60	27.1	5	1.1	280	0	21.6	8.14
Spain	19	6.81	1154	45.7	2024	0	57.1	597
Spain	25.8	8.45	1190	48.5	2117	0	45.8	597
Spain	30.1	9.83	39	1.5	203	0	6.39	14.5
Spain	77.5	20.2	2.3	0.5	311	0	14.3	3.53
Spain	86.3	16	16.2	1.3	268	0	22.6	38
Spain	31.2	9.4	0.9	0.3	137	0	3.34	0.4
Spain	19	27.1	6.8	1.1	181	0	7.39	10.48
Spain	91	7.9	7.9	1.1	278	0	19	14.29
Spain	42.1	7.73	9.9	1.8	149	0	7.54	13.24
Spain	42.7	1.01	1.6	0.7	132	0	0.54	2.39
Spain	32.5	2.25	76	1.2	249	0	8.77	31.1
Spain	51.4	3.13	10.4	0.9	142	0	15.9	19.9
Spain	60.4	33.8	40.6	9.6	400	0	6.91	24.2
Spain	1.89	1.62	4.7	0.5	9.1	0	2.36	7.28
Spain	65.6	18.5	0.9	0.4	257	0	20.8	1.63
Spain	102	41.7	40.7	2.2	299	0	154	64.2
Spain	26.2	9.29	7.7	1	106	0	17.5	6.74
Spain	11.6	9.23	43.1	5.6	76.9	0	13.8	52.6
Spain	79.5	41	2	0.4	391	0	29.1	4.59
Spain	68.8	17	9.7	0.7	200	0	60.9	17.1
Spain	47.7	18.8	1.5	0.2	161	0	53.4	2.65
Spain	7.67	5.63	44.5	4.7	152	0	1.61	15.1
Spain	69.9	26.1	12.6	0.4	311	0	11.4	19.4
Spain	40.3	29.6	24.7	1.7	209	0	42	41.2
Spain	75.2	7.86	3.7	0.2	242	0	7.49	6.83
Spain	73.5	10.8	14.5	4.2	228	0	56.8	8.3
Spain	6.44	0.98	1.6	0.4	23.8	0	0.38	0.6
Spain	3.44	1.26	2	0.3	10.5	0	1.38	2.12
Spain	4.97	0.017	16.9	0.4	30.1	0	18.7	2.97
Spain	8.36	2.22	28.8	0.9	95.6	0	4.12	8.06
Spain	84.9	2.83	2.2	0.3	242	0	6.64	4.19
Spain	87.9	23.3	18.6	1.1	299	0	45.3	35.6
Spain	87.6	23.1	19.5	0.9	299	0	45.2	35.5
Spain	24.7	14.5	30.5	1.5	220	0	8.39	3.35
Spain	38.7	9.05	13.4	1.1	143	0	14.6	16
Spain	32.8	4.69	7.9	1.9	97.4	0	15.2	9.09
Spain	22.1	1.79	114	3.5	303	0	14.4	29.4
Spain	86.5	24.7	5.3	0.9	317	0	30.7	12.7
Spain	75.1	16.5	83.8	1.5	250	0	36.9	141
Spain	83.4	41.3	1.7	0.4	407	0	27.6	3.82
Spain	0.924	0.528	2.6	0.2	1	0	0.72	4.59
Spain	14.5	11.1	26.6	4.5	90.8	0	15.9	29.9
Spain	14.9	11	26.5	4.6	90.6	0	14.3	28.9
Spain	40	13.5	10.3	0.8	149	0	6.69	19.1
Spain	17.1	3.18	105	2.8	53	0	20	166
Spain	17.7	3.31	112	2.9	54.2	0	21.5	175
Spain	20.7	12.8	585	50.9	1766	0	3.25	25.8
Spain	6.92	3.69	60	2.7	173	0	7.4	11.3
Spain	31.3	15.9	57.2	10.5	322	0	1.92	5.62
Spain	69.7	4.21	1.6	0.3	220	0	8.38	1.54
Sweden	2.77	0.637	224	1.4	540	0	4.15	28.5
Sweden	2.73	0.608	210	1.3	532	0	4.3	16.4
Sweden	19	15.2	159	74.3	558	0	16.5	47.1
Sweden	30.8	6.73	313	3	670	0	17.5	154
Sweden	66.2	4.37	6.8	2.5	218	0	6.44	7.98
Sweden	18.7	4.48	5.9	1.3	57.6	0	10.5	12.3
Sweden	2.88	0.793	1.6	0.7	13.9	0	1.69	0.82
Sweden	16.6	7.29	115	48.8	424	0	11.8	24.2
Sweden	31	3.05	3.5	1.9	101	0	12	3.4
Sweden	19.02	3.38	12.1	1.5	53.8	0	13.2	20.8
Switzerland	406	51.3	9.8	1.1	363	0	935	8.26
Switzerland	156	46	80.8	3.8	813	0	98.9	13.3
Switzerland	472	106	3.4	2	278	0	1403	3.45
Switzerland	216	61.8	3.8	2.1	255	0	584	3.24
Switzerland	103	19.7	6.5	0.9	375	0	13.4	10.1
Switzerland	98.4	20.8	6.6	1	384	0	13.2	9.73
Switzerland	518	34.6	6.1	1.5	292	0	1204	7.31
Switzerland	494	32.8	5.9	1.4	296	0	1120	8.035
Switzerland	318	69.8	5.2	2.2	253	0	874	17.7
Switzerland	119	41.2	19	2.2	308	0	220	14.4
Turkey o Georgia	4.43	1.64	6.2	2	22.3	0	7.96	4.03
Turkey o Georgia	29.5	22.6	1847	16.6	4272	0	3.39	378
Turkey o Georgia	52	15.6	982	31.3	2591	0	2.74	124
Turkey o Georgia	38.6	7.5	1.1	0.3	138	0	7.83	1.84
Turkey o Georgia	3.05	0.627	1.4	0.6	11.3	0	2.82	0.49
Turkey o Georgia	5.97	2.3	5.9	2.3	26.6	0	10.4	4.23
Turkey o Georgia	96.1	46.7	1461	35.4	3874	0	0.54	357
U.K.	19.2	5.12	13.4	1	48	0	19.4	19.8
U.K.	13.8	3.05	11.9	2.6	17.8	0	13.3	16.8
U.K.	57.3	20.1	24.2	1.1	254	0	13	36.8
U.K.	3.7	2.43	7.7	2	24	0	4.95	7.77
U.K.	41.9	10.9	5.7	0.7	173	0	5.77	4.89
U.K.	97.4	14.2	13.9	1.6	315	0	17.3	19.4
U.K.	55.9	8.59	27.1	1.6	229	0	10.9	11.9
U.K.	35.9	19	16.8	1.3	131	0	34.4	33.9
U.K.	12.5	4.55	79.4	1.9	257	0	7.37	7.56
U.K.	60.1	23.8	36.2	5.1	266	0	23.6	61.6
U.K.	23.8	5.55	6.7	0.6	90.2	0	9.07	6.805
U.K.	74.7	12.5	55.2	2.7	163	0	0.32	159
U.K.	24.3	5.75	7.2	0.7	94.3	0	8.68	6.84
U.K.	22.5	12.5	20.8	1	154	0	7.25	13.7
U.K.	83.3	34.2	27.5	2.3	369	0	42.4	40.8
U.K.	57.9	15.6	5.8	0.6	235	0	9.11	9.21
U.K.	11.8	3.24	8.9	2.1	31.9	0	10.2	12.3
U.K.	62.6	5.59	28	7.2	190	0	55.8	19.9
U.K.	75.9	8.33	36.3	7.2	264	0	57.2	24.5
U.K.	56.3	17.4	7	3.6	217	0	7.58	26.9
U.K.	48.4	13.3	53.2	2.9	255	0	22	45.3
U.K.	56.3	8.81	26.7	1.6	233	0	11.4	11.7
U.K.	99.5	40.4	12.9	5.3	285	0	124	40.4
U.K.	35.8	5.36	7.1	6.1	118	0	3.3	19.1
U.K.	66.9	28.9	48.4	4.8	345	0	28.4	58
U.K.	120	3.54	14.6	1.6	310	0	19.9	29.4
U.K.	107	3.27	8.1	2.2	261	0	18.9	17.9
U.K.	33.3	15.1	8.1	1.2	138	0	11.4	14.6
U.K.	27.2	6.9	5.8	0.8	101	0	8.75	7.42
U.K.	30.9	11.5	89.7	4.2	300	0	10.8	57
U.K.	9.01	2.52	8	2.2	22.1	0	9.67	12.1
U.K.	49.6	14	33.4	2	245	0	8.69	31.8
U.K.	13	1.8	4.6	0.7	45	0	5.37	5.89
U.K.	64.5	10.8	17.2	1.7	215	0	28.5	25.4
U.K.	46	15.8	18.2	1.5	247	0	3.7175	10.2
U.K.	28	12.4	14.4	0.1	117	0	12.4	12.3
U.K.	33.2	16.5	186	2.2	204	0	257	79.6
U.K.	46.2	36.8	24.7	1.7	289	0	39.1	33.3
Ukraine	134	8.57	1250	39	3626	0	0.54	73.2
Ukraine	34.3	9.68	1050	9.6	413	0	152	1371
Ukraine	80.2	15.9	2016	34.6	5157	0	1.6	343
Ukraine	78.3	20.9	25.1	9.1	417	0	17.7	0.89
Ukraine	3.53	1.43	156	2.6	135	0	27.5	154
Ukraine	44.6	58.9	1102	25.6	469	0	293	1531
Ukraine	15.1	6.23	573	10.6	325	0	83.9	685
Ukraine	160	12.8	1420	36.9	4103	0	3.96	89.4
Ukraine	55.6	22.6	40.7	15.1	366	0	19.2	16.8
Ukraine	19.5	4.47	13.1	0.8	91.5	0	6.69	6.44
Ukraine	4.46	1.3	93.2	1.9	148	0	7.66	69.8
Ukraine	20.4	9.23	6.1	0.9	98.1	0	13.5	3.63
Ukraine	45.7	7.23	108	7.3	382	0	7.41	54.4
Ukraine	84.1	12.8	525	41	1579	0	49.8	86.8
Ukraine	599	45.5	1663	35.6	3150	0	1.96	1826
Ukraine	93.8	11.2	1619	28.2	4196	0	1.72	272
Ukraine	74.9	13.9	17.8	8.4	335	0	0.1	3.01
Ukraine	103	18	22.2	9.5	457	0	0.01	2.76
Ukraine	10.7	4.35	372	2.3	795	0	0.02	148
Ukraine	79.8	6.04	4.3	1.1	232	0	19.1	4.53
Ukraine	77.2	10.7	19.8	4.4	192	0	60.9	27.6
Ukraine	33.5	6.66	98	2.1	347	0	20.7	13.5
Ukraine	66.9	31.7	550	25	259	0	241	749
Ukraine	4.15	2	850	5.1	811	0	58.5	845
Ukraine	90.6	12.1	15	7.1	366	0	6.66	2.28

